position	Fvals	R2	pvals	site	LogP
V14	1.42859943087492	0.15151753282541	0.266219747838973	1	1.32343319155411
V15	1.42859943087492	0.15151753282541	0.266219747838973	2	1.32343319155411
V16	1.42859943087492	0.15151753282541	0.266219747838973	3	1.32343319155411
V17	0.808922227401884	0.0918297910219961	0.394704420380471	4	0.929618097033582
V19	0.808922227401884	0.0918297910219961	0.394704420380471	6	0.929618097033582
V20	0.808922227401884	0.0918297910219961	0.394704420380471	7	0.929618097033582
V21	0.808922227401884	0.0918297910219961	0.394704420380471	8	0.929618097033582
V22	0.808922227401884	0.0918297910219961	0.394704420380471	9	0.929618097033582
V23	1.9218621514703	0.193699566039699	0.20306251249547	10	1.59424140401773
V25	0.808922227401884	0.0918297910219961	0.394704420380471	12	0.929618097033582
V26	1.00805066745174	0.1119054257509	0.344768459498464	13	1.06488221914911
V27	13.5380599903332	0.628563928675171	0.00622444194739884	14	5.0792714876541
V28	7.74965711553967	0.492051983612771	0.0237839436193285	15	3.73874456381856
V48	9.75718724011418	0.549477694904714	0.0141504090406578	25	4.25801174784372
V56	0.0665834386422126	0.00825422289716171	0.802891851234121	33	0.219535255009622
V57	2.2878509968012	0.222383557481833	0.168843943173296	34	1.77878040384342
V62	0.967798093369367	0.107919156720255	0.354042924224468	39	1.03833711832776
V63	0.967798093369367	0.107919156720255	0.354042924224468	40	1.03833711832776
V69	0.261321503125729	0.0316318961716275	0.623019860303711	46	0.473176882205664
V76	0.967798093369367	0.107919156720255	0.354042924224468	53	1.03833711832776
V80	11.9761117192596	0.599521114515175	0.0085595767355558	57	4.76070453683188
V95	0.572157511796121	0.0667459723538907	0.471088450743156	72	0.752709409086827
V118	0.601643669240246	0.0699451339646329	0.460264057570475	95	0.775954915999212
V124	0.672503224559552	0.0775442328279938	0.435930560141351	101	0.830272314048083
V125	11.9761117192596	0.599521114515175	0.0085595767355558	102	4.76070453683188
V128	0.261321503125729	0.0316318961716275	0.623019860303711	105	0.473176882205664
V131	0.808922227401884	0.0918297910219961	0.394704420380471	108	0.929618097033582
V134	1.47936530109102	0.15606149784758	0.258539973431096	111	1.3527049608915
V136	0.572157511796121	0.0667459723538907	0.471088450743156	113	0.752709409086827
V137	0.00830760679844306	0.00103737263916688	0.929617421048662	114	0.0729821526893247
V139	1.61813349450575	0.168237633102568	0.239080644506476	115	1.43095435925226
V140	0.261321503125729	0.0316318961716275	0.623019860303711	116	0.473176882205664
V141	0.765344328896718	0.0873147248893624	0.40715766978342	117	0.89855477351237
V142	0.672503224559552	0.0775442328279938	0.435930560141351	118	0.830272314048083
V143	3.66223806512609	0.314025034807018	0.0920053206440267	119	2.38590887051812
V146	0.207549500413478	0.0252876099624827	0.66080572086019	122	0.41429539933677
V154	0.0327875681096781	0.00408171358104496	0.860813349576458	130	0.149877581357907
V176	0.572157511796121	0.0667459723538907	0.471088450743156	152	0.752709409086827
V189	0.808922227401884	0.0918297910219961	0.394704420380471	165	0.929618097033582
V195	0.0210762944590902	0.00262761185674139	0.888162356067946	171	0.118600719292109
V201	3.66223806512609	0.314025034807018	0.0920053206440267	177	2.38590887051812
V203	11.9761117192596	0.599521114515175	0.0085595767355558	179	4.76070453683188
V204	0.967798093369367	0.107919156720255	0.354042924224468	180	1.03833711832776
V226	0.521839623989556	0.0612355042517768	0.490632770633456	202	0.712059352337092
V248	11.9761117192596	0.599521114515175	0.0085595767355558	224	4.76070453683188
V250	15.7110034440535	0.662603297502873	0.00415537152452021	226	5.48335343842177
V251	11.9761117192596	0.599521114515175	0.0085595767355558	227	4.76070453683188
V274	0.208516724659417	0.025402461963534	0.660075148310058	250	0.415401589367501
V276	1.36591691177414	0.145838968558353	0.276158973004264	252	1.28677858993718
V277	2.2878509968012	0.222383557481833	0.168843943173296	253	1.77878040384342
V289	0.672503224559552	0.0775442328279938	0.435930560141351	265	0.830272314048083
V295	15.7110034440535	0.662603297502873	0.00415537152452021	271	5.48335343842177
V298	0.98520398930427	0.109647270006993	0.349986298253637	274	1.04986127311173
V302	0.208516724659417	0.025402461963534	0.660075148310058	278	0.415401589367501
V303	7.74965711553967	0.492051983612771	0.0237839436193285	279	3.73874456381856
V311	0.924720220869822	0.103613262029938	0.36439904116352	287	1.00950574487444
V314	15.7110034440535	0.662603297502873	0.00415537152452021	290	5.48335343842177
V331	1.42859943087492	0.15151753282541	0.266219747838973	307	1.32343319155411
V426	1.36591691177414	0.145838968558353	0.276158973004264	402	1.28677858993718
V430	15.7110034440535	0.662603297502873	0.00415537152452021	406	5.48335343842177
V431	0.57215751179612	0.0667459723538907	0.471088450743157	407	0.752709409086826
V433	2.2878509968012	0.222383557481833	0.168843943173296	409	1.77878040384342
V436	1.9218621514703	0.193699566039699	0.20306251249547	412	1.59424140401773
V439	3.06369000187554	0.276913687766549	0.11817164838075	415	2.13561706419647
V440	11.9761117192596	0.599521114515175	0.0085595767355558	416	4.76070453683188
V453	0.967798093369367	0.107919156720255	0.354042924224468	429	1.03833711832776
V455	0.261321503125729	0.0316318961716275	0.623019860303711	431	0.473176882205664
V457	3.66223806512609	0.314025034807018	0.0920053206440267	433	2.38590887051812
V463	0.967798093369367	0.107919156720255	0.354042924224468	439	1.03833711832776
V479	0.354746390493883	0.0424604230140566	0.567901731198574	455	0.56580688368189
V485	2.2878509968012	0.222383557481833	0.168843943173296	461	1.77878040384342
V486	0.432610609496459	0.0513020503031842	0.529177677936419	462	0.636431028401153
V487	0.207549500413478	0.0252876099624827	0.66080572086019	463	0.41429539933677
V489	0.572157511796121	0.0667459723538907	0.471088450743156	465	0.752709409086827
V490	0.967798093369367	0.107919156720255	0.354042924224468	466	1.03833711832776
V491	1.36591691177414	0.145838968558353	0.276158973004264	467	1.28677858993718
V492	3.48200918372897	0.303257552063985	0.0990116018252852	468	2.31251824555938
V494	1.36591691177414	0.145838968558353	0.276158973004264	470	1.28677858993718
V495	0.967798093369367	0.107919156720255	0.354042924224468	471	1.03833711832776
V509	0.967798093369367	0.107919156720255	0.354042924224468	485	1.03833711832776
V511	0.261321503125729	0.0316318961716275	0.623019860303711	487	0.473176882205664
V513	0.521839623989556	0.0612355042517768	0.490632770633456	489	0.712059352337092
V515	3.94997914385809	0.330542462228469	0.082095801983677	491	2.49986839679483
V516	1.87407972338935	0.189797739251008	0.20820854591456	492	1.56921507698391
V518	1.36591691177414	0.145838968558353	0.276158973004264	494	1.28677858993718
V519	0.354746390493883	0.0424604230140566	0.567901731198574	495	0.56580688368189
V520	1.36591691177414	0.145838968558353	0.276158973004264	496	1.28677858993718
V536	0.572157511796121	0.0667459723538907	0.471088450743156	512	0.752709409086827
V537	0.521839623989556	0.0612355042517768	0.490632770633456	513	0.712059352337092
V540	1.32014758748659	0.141644364234996	0.283756182204762	516	1.2596399229181
V541	0.967798093369367	0.107919156720255	0.354042924224468	517	1.03833711832776
V545	11.9761117192596	0.599521114515175	0.0085595767355558	521	4.76070453683188
V551	0.601643669240246	0.0699451339646329	0.460264057570475	527	0.775954915999212
V552	0.208516724659417	0.025402461963534	0.660075148310058	528	0.415401589367501
V553	0.208516724659417	0.025402461963534	0.660075148310058	529	0.415401589367501
V578	0.967798093369367	0.107919156720255	0.354042924224468	554	1.03833711832776
V580	1.30398545530483	0.140153299731171	0.28651102345161	556	1.24997826729664
V585	8.89454233439928	0.526473817414321	0.017536824849708	561	4.0434523318166
V587	0.0249397056779127	0.00310777199253753	0.878430797918215	563	0.129618147459204
V591	0.967798093369367	0.107919156720255	0.354042924224468	567	1.03833711832776
V592	0.207549500413478	0.0252876099624827	0.66080572086019	568	0.41429539933677
V597	1.04851668252812	0.115877083500668	0.335812069807276	573	1.09120359154428
V598	0.683076213828107	0.0786674643893666	0.432486325086179	574	0.838204571407923
V599	3.66223806512609	0.314025034807018	0.0920053206440267	575	2.38590887051812
V663	0.207549500413478	0.0252876099624827	0.66080572086019	639	0.41429539933677
V669	15.7110034440535	0.662603297502873	0.00415537152452021	645	5.48335343842177
V670	0.349104450550667	0.0418133625231428	0.570931754679719	646	0.560485595418789
V682	2.2878509968012	0.222383557481833	0.168843943173296	658	1.77878040384342
V685	0.0758280704616305	0.00938950166106392	0.790011460536506	661	0.23570782661806
V691	0.398099317695832	0.0474034586150338	0.545671928877257	667	0.605737346689832
V692	0.572157511796121	0.0667459723538907	0.471088450743156	668	0.752709409086827
V693	0.967798093369367	0.107919156720255	0.354042924224468	669	1.03833711832776
V694	0.354746390493883	0.0424604230140566	0.567901731198574	670	0.56580688368189
V695	0.967798093369367	0.107919156720255	0.354042924224468	671	1.03833711832776
V700	1.327158174376	0.142289530773361	0.282573116513191	676	1.26381794236791
V701	0.354746390493883	0.0424604230140566	0.567901731198574	677	0.56580688368189
V749	0.967798093369367	0.107919156720255	0.354042924224468	725	1.03833711832776
V754	0.354746390493883	0.0424604230140566	0.567901731198574	730	0.56580688368189
V856	15.7110034440535	0.662603297502873	0.00415537152452021	832	5.48335343842177
V885	0.261321503125729	0.0316318961716275	0.623019860303711	861	0.473176882205664
V898	1.36591691177414	0.145838968558353	0.276158973004264	874	1.28677858993718
V899	3.66223806512609	0.314025034807018	0.0920053206440267	875	2.38590887051812
V903	0.572157511796121	0.0667459723538907	0.471088450743156	879	0.752709409086827
V905	0.354746390493883	0.0424604230140566	0.567901731198574	881	0.56580688368189
V912	11.9761117192596	0.599521114515175	0.0085595767355558	888	4.76070453683188
V915	0.572157511796121	0.0667459723538907	0.471088450743156	891	0.752709409086827
V938	1.327158174376	0.142289530773361	0.282573116513191	914	1.26381794236791
V945	0.967798093369367	0.107919156720255	0.354042924224468	921	1.03833711832776
V992	0.521839623989556	0.0612355042517768	0.490632770633456	968	0.712059352337092
V993	0.354746390493883	0.0424604230140566	0.567901731198574	969	0.56580688368189
V1003	11.9761117192596	0.599521114515175	0.0085595767355558	979	4.76070453683188
V1017	0.967798093369367	0.107919156720255	0.354042924224468	993	1.03833711832776
V1021	0.57215751179612	0.0667459723538907	0.471088450743157	997	0.752709409086826
V1026	0.0175781966232226	0.0021924551415413	0.897797467877404	1002	0.107810773002056
V1029	2.2878509968012	0.222383557481833	0.168843943173296	1005	1.77878040384342
V1036	0.808922227401884	0.0918297910219961	0.394704420380471	1012	0.929618097033582
