file	LnL_null	LnL_alt	LRS	pval	pval_bonf	logP	alignment_pos	site
V134_V1021.txt	-308.28232	-311.679982	6.79532399999994	0.0334513879498398	1	1.47558585797235	1021	997
V134_V1017.txt	-469.024484	-473.105223	8.1614780000001	0.016894975651211	1	1.77224242978742	1017	993
V134_V1003.txt	-319.702554	-319.139838	-1.12543200000005	1	1	0	1003	979
V134_V1014.txt	-250.463538	-250.168758	-0.589560000000006	1	1	0	1014	990
V134_V1024.txt	-249.848984	-249.939615	0.181262000000004	0.913354676600934	1	0.0393605431893744	1024	1000
V134_V1025.txt	-250.807687	-251.265899	0.916424000000006	0.632413390356008	1	0.198998943141854	1025	1001
V134_V1013.txt	-221.248904	-223.573276	4.64874399999997	0.0978448713403659	1	1.00946193349042	1013	989
V134_V1002.txt	-231.26139	-235.102683	7.68258600000001	0.0214658280778372	1	1.66825235327359	1002	978
V134_V1006.txt	-211.947515	-212.579991	1.26495199999999	0.5312747349083	1	0.27468083673624	1006	982
V134_V1009.txt	-230.306641	-231.333468	2.05365399999999	0.358141542717705	1	0.445945299969269	1009	985
V134_V1026.txt	-291.092469	-296.647448	11.109958	0.0038681496998775	1	2.41249672678845	1026	1002
V134_V1029.txt	-300.647284	-301.116216	0.93786399999999	0.625670127278452	1	0.203654579987854	1029	1005
V134_V1036.txt	-417.954197	-419.424139	2.93988400000001	0.229938821251606	1	0.638387699317831	1036	1012
V134_V1028.txt	-223.507931	-223.610627	0.205391999999961	0.90240126177118	1	0.0446003061135278	1028	1004
V134_V102.txt	-231.884721	-231.472772	-0.823898000000042	1	1	0	102	79
V134_V1034.txt	-243.314896	-243.218464	-0.192863999999986	1	1	0	1034	1010
V134_V1033.txt	-233.873713	-232.573941	-2.59954400000004	1	1	0	1033	1009
V134_V1038.txt	-348.108866	-349.70381	3.189888	0.202919891698307	1	0.692675378144699	1038	1014
V134_V1035.txt	-232.826143	-232.570685	-0.510916000000009	1	1	0	1035	1011
V134_V1037.txt	-259.52564	-259.993323	0.935365999999931	0.626452077493697	1	0.203112146179944	1037	1013
V134_V1039.txt	-244.728613	-244.109945	-1.23733599999997	1	1	0	1039	1015
V134_V106.txt	-342.587601	-346.012774	6.85034599999994	0.0325436504505488	1	1.48753373346399	106	83
V134_V10.txt	-300.243239	-300.880514	1.27454999999998	0.528731255415966	1	0.27676501595489	10	NA
V134_V11.txt	-214.559098	-217.427128	5.73606000000001	0.056810733558924	1	1.24556960293299	11	NA
V134_V1040.txt	-212.719417	-213.894122	2.34941000000003	0.30891009472583	1	0.510167899364167	1040	1016
V134_V125.txt	-374.406371	-380.314672	11.816602	0.00271679880962687	1	2.56594252172346	125	102
V134_V117.txt	-209.344569	-209.70726	0.725381999999968	0.695801402918122	1	0.157514699935965	117	94
V134_V124.txt	-222.514898	-223.235368	1.44094000000001	0.486523536153032	1	0.312896145376839	124	101
V134_V110.txt	-233.350686	-233.475766	0.250159999999994	0.882426305656306	1	0.0543215537964574	110	87
V134_V118.txt	-230.671296	-235.197699	9.05280599999998	0.0108195239906714	1	1.96579184577032	118	95
V134_V129.txt	-225.500613	-226.664236	2.327246	0.312352475396851	1	0.505355047915708	129	106
V134_V12.txt	-239.319836	-242.615501	6.59132999999997	0.0370434029916352	1	1.43128912370167	12	NA
V134_V127.txt	-205.155554	-205.372929	0.434750000000008	0.804628177156073	1	0.0944047630037212	127	104
V134_V132.txt	-327.755385	-328.117352	0.723933999999986	0.696305345539045	1	0.157200270731071	132	109
V134_V131.txt	-294.673514	-294.924317	0.501605999999924	0.77817565706431	1	0.108922358944765	131	108
V134_V130.txt	-217.244055	-219.16855	3.84899000000001	0.145949442717553	1	0.835797558950402	130	107
V134_V137.txt	-371.935892	-374.036476	4.20116799999994	0.122384934577071	1	0.912272039974247	137	114
V134_V135.txt	-270.184585	-275.78678	11.20439	0.00368975580731093	1	2.43300237504599	135	112
V134_V136.txt	-329.93655	-331.047766	2.22243200000003	0.329158460931955	1	0.48259497700261	136	113
V134_V139.txt	-334.142005	-336.935317	5.58662400000003	0.0612181233581224	1	1.21311998783414	139	115
V134_V140.txt	-400.444537	-406.030494	11.1719139999999	0.00375015914962655	1	2.42595030124882	140	116
V134_V142.txt	-359.419048	-365.893287	12.948478	0.00154267246451071	0.641751745236453	2.81172627222283	142	118
V134_V141.txt	-280.860742	-290.160924	18.600364	9.140759378212e-05	0.0380255590133619	4.03901772329595	141	117
V134_V143.txt	-352.534792	-353.129076	1.18856800000003	0.551957626079661	1	0.258094261883399	143	119
V134_V145.txt	-203.781928	-205.519982	3.47610800000001	0.175862295872786	1	0.754827261449877	145	121
V134_V144.txt	-313.336553	-313.060523	-0.552059999999983	1	1	0	144	120
V134_V146.txt	-238.827723	-240.431471	3.20749599999999	0.2011412261463	1	0.696498906763375	146	122
V134_V151.txt	-440.11185	-445.460478	10.697256	0.0047546699335488	1	2.32287962615323	151	127
V134_V14.txt	-246.680066	-249.208593	5.05705399999999	0.0797764444844701	1	1.09812532344338	14	1
V134_V153.txt	-208.262532	-209.000832	1.47660000000002	0.477925698997866	1	0.320639615989175	153	129
V134_V154.txt	-350.714283	-356.873698	12.3188299999999	0.00211348930140017	0.879211549382473	2.6749999462521	154	130
V134_V155.txt	-224.043069	-225.356088	2.62603799999999	0.269006698016689	1	0.570236906334125	155	131
V134_V159.txt	-232.226019	-233.327833	2.20362799999998	0.332267802893374	1	0.478511740283745	159	135
V134_V15.txt	-245.378923	-247.259482	3.76111800000001	0.152504831724078	1	0.8167163965935	15	2
V134_V166.txt	-213.90281	-215.249128	2.69263600000005	0.260196542720513	1	0.584698478287033	166	142
V134_V16.txt	-241.524039	-245.040994	7.03391000000005	0.0296897028107167	1	1.52739414960206	16	3
V134_V173.txt	-238.462052	-239.548644	2.17318399999999	0.337364274224385	1	0.471900909680216	173	149
V134_V169.txt	-211.672626	-211.688241	0.0312299999999937	0.984506282019007	1	0.00678150833491789	169	145
V134_V176.txt	-218.817418	-219.267334	0.899832000000004	0.637681714636124	1	0.195396036119984	176	152
V134_V17.txt	-243.098223	-243.054911	-0.0866239999999721	1	1	0	17	4
V134_V180.txt	-217.61591	-218.148515	1.06520999999998	0.587073649143311	1	0.231307412534077	180	156
V134_V181.txt	-238.088796	-237.436804	-1.30398400000001	1	1	0	181	157
V134_V189.txt	-430.728047	-430.694173	-0.0677480000000514	1	1	0	189	165
V134_V188.txt	-230.086552	-230.905419	1.63773399999997	0.440930946365989	1	0.355629419512663	188	164
V134_V191.txt	-265.278879	-263.645698	-3.26636200000007	1	1	0	191	167
V134_V18.txt	-243.775671	-244.02611	0.500878	0.778458964562289	1	0.108764275753369	18	5
V134_V194.txt	-215.964364	-216.227423	0.526117999999997	0.768696542877189	1	0.114245072114987	194	170
V134_V192.txt	-218.977948	-218.799335	-0.357225999999969	1	1	0	192	168
V134_V195.txt	-658.096047	-660.297904	4.40371400000004	0.110597587828569	1	0.956254345040056	195	171
V134_V196.txt	-217.663044	-220.196381	5.06667399999998	0.0793936411665278	1	1.10021427990133	196	172
V134_V197.txt	-241.997459	-244.936017	5.877116	0.0529420161091663	1	1.27619952415266	197	173
V134_V19.txt	-250.891072	-252.415839	3.04953399999999	0.217671768479157	1	0.662197894288174	19	6
V134_V1.txt	-231.74004	-233.580352	3.68062400000002	0.158767882799131	1	0.799237346580342	1	NA
V134_V201.txt	-327.019882	-328.262903	2.486042	0.288511307411889	1	0.539837161189861	201	177
V134_V203.txt	-235.893772	-235.489135	-0.809274000000016	1	1	0	203	179
V134_V207.txt	-214.267092	-213.807826	-0.918531999999971	1	1	0	207	183
V134_V208.txt	-245.103606	-245.431645	0.65607799999998	0.720334926095369	1	0.142465527549056	208	184
V134_V204.txt	-231.62665	-231.078505	-1.09629000000001	1	1	0	204	180
V134_V20.txt	-237.433592	-238.530534	2.19388399999997	0.333890561459071	1	0.47639585756791	20	7
V134_V210.txt	-309.497932	-312.966737	6.93761000000006	0.0311542377395015	1	1.50648287029842	210	186
V134_V211.txt	-212.841831	-211.67817	-2.32732200000004	1	1	0	211	187
V134_V216.txt	-274.764524	-274.287228	-0.954591999999934	1	1	0	216	192
V134_V21.txt	-247.374911	-249.604711	4.45960000000002	0.107549937972533	1	0.968389835747876	21	8
V134_V220.txt	-257.335657	-259.117431	3.56354799999997	0.168339248397031	1	0.773814616198678	220	196
V134_V223.txt	-247.460083	-247.53659	0.153013999999985	0.926346429841125	1	0.0332265679269687	223	199
V134_V225.txt	-241.97879	-243.240244	2.52290799999997	0.283241893238733	1	0.547842511374779	225	201
V134_V222.txt	-243.749944	-242.828508	-1.842872	1	1	0	222	198
V134_V224.txt	-213.51916	-214.813953	2.589586	0.273954567057892	1	0.562321455106957	224	200
V134_V226.txt	-245.90929	-246.218166	0.617751999999996	0.734271814086363	1	0.134143142392348	226	202
V134_V227.txt	-208.775346	-209.465835	1.38097799999997	0.501330858327201	1	0.299875562514888	227	203
V134_V229.txt	-212.532104	-212.947432	0.830655999999976	0.660123724610061	1	0.180374658579909	229	205
V134_V23.txt	-244.219001	-244.348551	0.259099999999989	0.87849066278498	1	0.056262850130564	23	10
V134_V22.txt	-249.355842	-250.951768	3.19185199999998	0.202720722172903	1	0.693101855325925	22	9
V134_V246.txt	-218.867424	-219.975475	2.21610199999998	0.330201897828673	1	0.481220434967375	246	222
V134_V249.txt	-215.787921	-215.175389	-1.22506400000003	1	1	0	249	225
V134_V248.txt	-220.014188	-219.598175	-0.832025999999985	1	1	0	248	224
V134_V247.txt	-233.728217	-234.11633	0.776226000000008	0.678335687000473	1	0.168555334254919	247	223
V134_V24.txt	-247.372911	-252.04948	9.353138	0.00931090486139331	1	2.03100811093981	24	11
V134_V250.txt	-256.855861	-256.198806	-1.31411000000003	1	1	0	250	226
V134_V251.txt	-277.483881	-278.052214	1.13666599999999	0.566468955808868	1	0.246823885783519	251	227
V134_V254.txt	-208.733219	-211.365632	5.26482600000003	0.0719047465816126	1	1.14324243999039	254	230
V134_V259.txt	-235.374948	-234.809548	-1.13079999999997	1	1	0	259	235
V134_V25.txt	-236.248572	-240.285488	8.07383199999998	0.017651826791921	1	1.75321034270694	25	12
V134_V260.txt	-269.121016	-268.326347	-1.589338	1	1	0	260	236
V134_V26.txt	-308.019957	-307.851762	-0.336389999999938	1	1	0	26	13
V134_V272.txt	-241.993913	-242.942763	1.89770000000004	0.387186031462026	1	0.41208031915391	272	248
V134_V274.txt	-331.704188	-332.243865	1.07935400000008	0.582936510461527	1	0.234378743110119	274	250
V134_V268.txt	-214.064746	-214.329083	0.528673999999967	0.76771477617795	1	0.114800100462853	268	244
V134_V275.txt	-216.1095	-216.897414	1.575828	0.454792503641479	1	0.342186702414319	275	251
V134_V276.txt	-330.370616	-331.454907	2.16858200000001	0.338141443209389	1	0.470901598077362	276	252
V134_V277.txt	-292.199935	-293.797736	3.19560200000001	0.202340976941234	1	0.693916157479499	277	253
V134_V278.txt	-211.825616	-211.416707	-0.817817999999988	1	1	0	278	254
V134_V27.txt	-267.052015	-269.399495	4.69496000000004	0.0956097955750208	1	1.01949761037825	27	14
V134_V281.txt	-236.682752	-236.814517	0.263530000000003	0.876546959413077	1	0.0572248124079826	281	257
V134_V289.txt	-253.182077	-254.543659	2.723164	0.256255060610659	1	0.591327549258793	289	265
V134_V28.txt	-214.582672	-216.05215	2.93895600000002	0.230045537620948	1	0.638186186678231	28	15
V134_V283.txt	-210.105095	-210.42609	0.641989999999964	0.725426878115477	1	0.139406357218527	283	259
V134_V291.txt	-209.717389	-209.747911	0.0610439999999812	0.969939093172443	1	0.013255536176647	291	267
V134_V295.txt	-238.374013	-240.276876	3.80572599999999	0.149141016670934	1	0.826402900717866	295	271
V134_V296.txt	-242.640044	-245.80214	6.32419200000004	0.0423369098548515	1	1.37328084404835	296	272
V134_V298.txt	-260.673072	-263.710907	6.07567000000006	0.0479385642173441	1	1.31931497743258	298	274
V134_V2.txt	-247.551543	-249.548473	3.99385999999998	0.135751400970049	1	0.867255679747057	2	NA
V134_V302.txt	-207.408953	-207.547281	0.276656000000003	0.870813018227923	1	0.0600750870927136	302	278
V134_V303.txt	-322.979182	-332.725604	19.492844	5.85036156297269e-05	0.0243375041019664	4.23281729290045	303	279
V134_V310.txt	-284.331369	-287.552148	6.44155799999999	0.0399239453903055	1	1.39876654712987	310	286
V134_V306.txt	-217.044128	-220.334969	6.581682	0.037222532079651	1	1.42919408712098	306	282
V134_V311.txt	-354.113414	-355.827483	3.42813799999999	0.180131344954074	1	0.744410708301423	311	287
V134_V314.txt	-206.391835	-209.38988	5.99609000000004	0.0498844972922645	1	1.30203439999764	314	290
V134_V317.txt	-208.23997	-208.407715	0.335489999999993	0.845569427399409	1	0.0728507278668594	317	293
V134_V318.txt	-212.616849	-213.069199	0.904699999999991	0.636131484737832	1	0.196453108888934	318	294
V134_V31.txt	-264.29923	-263.889895	-0.818669999999997	1	1	0	31	NA
V134_V322.txt	-385.85027	-385.369203	-0.962133999999992	1	1	0	322	298
V134_V321.txt	-306.345954	-305.127275	-2.43735800000002	1	1	0	321	297
V134_V324.txt	-218.487753	-221.481065	5.98662400000001	0.0501211602390169	1	1.29997888421479	324	300
V134_V325.txt	-506.868381	-506.954571	0.172379999999976	0.917419904877757	1	0.037431841395236	325	301
V134_V328.txt	-217.359503	-218.89143	3.06385400000005	0.216118804861055	1	0.665307442778614	328	304
V134_V32.txt	-304.76974	-309.988222	10.436964	0.0054155436853277	1	2.26635793651144	32	NA
V134_V331.txt	-273.302612	-277.838504	9.07178399999998	0.0107173430915058	1	1.9699128661091	331	307
V134_V333.txt	-400.027747	-404.160481	8.26546800000006	0.0160389682849437	1	1.79482357137397	333	309
V134_V336.txt	-211.568751	-212.128168	1.11883399999999	0.571542175825747	1	0.24295171618287	336	312
V134_V337.txt	-211.653716	-211.3655	-0.576432000000011	1	1	0	337	313
V134_V33.txt	-270.326993	-270.227408	-0.199169999999981	1	1	0	33	NA
V134_V34.txt	-269.430067	-268.922194	-1.01574600000004	1	1	0	34	NA
V134_V338.txt	-209.021656	-209.788751	1.53418999999997	0.464360076857307	1	0.333145125595568	338	314
V134_V354.txt	-210.715335	-211.09994	0.769209999999987	0.680719467296538	1	0.167031829212397	354	330
V134_V36.txt	-289.614679	-291.06879	2.90822199999991	0.233607949082612	1	0.6315123833748	36	NA
V134_V35.txt	-256.243387	-259.978802	7.47082999999998	0.0238632657582479	1	1.62227012211863	35	NA
V134_V357.txt	-216.02177	-216.706278	1.36901599999999	0.504338302988835	1	0.297278047218628	357	333
V134_V37.txt	-244.239972	-248.263993	8.04804200000001	0.0178809210088734	1	1.74761011536281	37	NA
V134_V38.txt	-218.354788	-218.774751	0.839925999999991	0.657071130997147	1	0.182387613503533	38	NA
V134_V39.txt	-378.653679	-379.740017	2.17267600000002	0.337449975633651	1	0.47179059888182	39	NA
V134_V40.txt	-214.765628	-215.533149	1.53504200000003	0.464162301593672	1	0.333330135044873	40	NA
V134_V41.txt	-238.17721	-239.021027	1.687634	0.430065825264465	1	0.366465066836157	41	NA
V134_V415.txt	-209.796455	-210.427567	1.262224	0.531999888088753	1	0.274088459062926	415	391
V134_V427.txt	-255.210199	-256.487835	2.55527200000006	0.278695358149191	1	0.554870264680956	427	403
V134_V422.txt	-207.990508	-208.73674	1.49246399999998	0.474149787416037	1	0.324084439819624	422	398
V134_V426.txt	-300.516244	-300.10316	-0.826167999999939	1	1	0	426	402
V134_V424.txt	-211.952015	-213.711733	3.51943600000004	0.172093387316136	1	0.764235817105836	424	400
V134_V42.txt	-239.710353	-239.819163	0.217620000000011	0.896900812464565	1	0.0472555825758951	42	NA
V134_V430.txt	-215.350544	-216.580475	2.45986199999999	0.29231274656454	1	0.534152246421746	430	406
V134_V431.txt	-294.210851	-295.311084	2.20046600000001	0.332793533770494	1	0.477825120707862	431	407
V134_V433.txt	-310.038781	-313.136983	6.19640400000003	0.0451302737207433	1	1.34553203242163	433	409
V134_V436.txt	-464.775467	-465.064772	0.578610000000026	0.7487837915149	1	0.125643565087026	436	412
V134_V434.txt	-217.377445	-217.76391	0.772930000000031	0.67945450586617	1	0.167839616948747	434	410
V134_V439.txt	-329.413545	-331.468307	4.10952399999996	0.128123325300535	1	0.892371798224482	439	415
V134_V437.txt	-261.871704	-261.120381	-1.50264600000003	1	1	0	437	413
V134_V441.txt	-380.073207	-383.250644	6.354874	0.0416923758594545	1	1.37994335569522	441	417
V134_V43.txt	-260.766006	-264.312611	7.09321	0.0288223255338187	1	1.54027098099048	43	NA
V134_V440.txt	-260.70038	-260.556725	-0.287310000000048	1	1	0	440	416
V134_V443.txt	-241.543933	-241.395655	-0.29655600000001	1	1	0	443	419
V134_V444.txt	-212.614484	-212.70072	0.172471999999971	0.917377704532751	1	0.0374518189414024	444	420
V134_V44.txt	-420.641377	-424.801363	8.31997200000001	0.0156077764273232	1	1.80665896459478	44	NA
V134_V449.txt	-209.338812	-209.974599	1.27157400000004	0.529518593158014	1	0.276118785765832	449	425
V134_V451.txt	-237.062836	-237.546388	0.967104000000006	0.616589372084244	1	0.210003965313283	451	427
V134_V453.txt	-301.189392	-305.68245	8.98611600000004	0.0111863834915438	1	1.95131029627127	453	429
V134_V454.txt	-244.540371	-244.533462	-0.0138180000000148	1	1	0	454	430
V134_V455.txt	-360.733405	-361.072332	0.677854000000025	0.712534462206422	1	0.147194125868029	455	431
V134_V452.txt	-271.916424	-277.597648	11.362448	0.00340938280387347	1	2.46732423365631	452	428
V134_V456.txt	-255.726704	-257.725893	3.99837799999995	0.135445084669784	1	0.868236750981668	456	432
V134_V457.txt	-426.497787	-427.164783	1.33399199999997	0.513248061501067	1	0.289672682251534	457	433
V134_V458.txt	-213.500597	-214.723324	2.44545399999998	0.294426171005495	1	0.531023588974114	458	434
V134_V459.txt	-260.850765	-261.840275	1.97901999999999	0.371758808215717	1	0.429738732788085	459	435
V134_V45.txt	-319.408667	-320.305914	1.79449399999999	0.407690488126243	1	0.389669421004244	45	NA
V134_V463.txt	-226.507408	-230.032627	7.05043799999999	0.0294453581295112	1	1.5309831592005	463	439
V134_V460.txt	-209.262227	-211.989316	5.45417800000001	0.0654094196202341	1	1.18435970435906	460	436
V134_V462.txt	-253.104972	-252.021723	-2.16649799999999	1	1	0	462	438
V134_V465.txt	-223.081999	-224.110785	2.05757199999999	0.357440630203486	1	0.446796082859317	465	441
V134_V466.txt	-211.283886	-211.280159	-0.00745399999999563	1	1	0	466	442
V134_V464.txt	-218.068128	-218.482378	0.82850000000002	0.660835721682648	1	0.179906489128426	464	440
V134_V468.txt	-210.736217	-211.280166	1.087898	0.580451517413267	1	0.236234049136791	468	444
V134_V46.txt	-341.174766	-341.704118	1.05870400000003	0.588986509304185	1	0.229894652584458	46	NA
V134_V469.txt	-214.229226	-211.281742	-5.89496800000001	1	1	0	469	445
V134_V470.txt	-210.850616	-211.283307	0.865382000000011	0.648760927962732	1	0.187915313669202	470	446
V134_V476.txt	-214.111044	-214.978345	1.734602	0.420083826800268	1	0.376664038449171	476	452
V134_V478.txt	-242.670669	-242.647427	-0.0464840000000208	1	1	0	478	454
V134_V479.txt	-276.242259	-276.637221	0.789924000000042	0.673705639576748	1	0.171529817161481	479	455
V134_V47.txt	-255.09239	-256.10857	2.03235999999998	0.361975047170652	1	0.441321366620443	47	NA
V134_V480.txt	-209.852385	-210.400544	1.096318	0.578012953304185	1	0.238062428905604	480	456
V134_V481.txt	-233.821609	-234.07148	0.499742000000026	0.778901254852701	1	0.108517596487653	481	457
V134_V483.txt	-227.839582	-227.57773	-0.523704000000009	1	1	0	483	459
V134_V485.txt	-372.161228	-374.187541	4.05262600000003	0.13182064899859	1	0.880016554508831	485	461
V134_V486.txt	-368.569677	-369.92153	2.70370600000001	0.258760333232985	1	0.587102298244359	486	462
V134_V489.txt	-428.004887	-430.101671	4.19356800000003	0.122850882068001	1	0.910621720943034	489	465
V134_V487.txt	-264.798213	-265.567486	1.538546	0.463349801199465	1	0.33409101897716	487	463
V134_V48.txt	-381.945112	-383.166797	2.44336999999996	0.294733122969886	1	0.530571054123965	48	25
V134_V490.txt	-322.762376	-325.100122	4.67549199999996	0.0965450056080727	1	1.01527018789139	490	466
V134_V491.txt	-458.364783	-465.258094	13.7866220000001	0.00101454910166771	0.422052426293767	2.993726929343	491	467
V134_V492.txt	-320.890163	-320.768857	-0.242611999999895	1	1	0	492	468
V134_V494.txt	-264.156886	-264.184043	0.0543139999999767	0.973208435804992	1	0.0117941352450415	494	470
V134_V495.txt	-252.099366	-253.732117	3.26550199999997	0.195391312586701	1	0.70909474962201	495	471
V134_V49.txt	-276.101266	-275.973997	-0.254538000000025	1	1	0	49	26
V134_V509.txt	-295.094712	-295.514627	0.839830000000006	0.657102671168388	1	0.182366767368405	509	485
V134_V505.txt	-213.245275	-214.863388	3.23622599999999	0.198272486486287	1	0.702737546995914	505	481
V134_V50.txt	-229.649211	-230.119651	0.940879999999993	0.624727327776006	1	0.204309496066564	50	27
V134_V510.txt	-211.578988	-211.07324	-1.01149600000002	1	1	0	510	486
V134_V511.txt	-247.700075	-249.31307	3.22599000000002	0.1992898462751	1	0.700514827837541	511	487
V134_V513.txt	-308.809973	-309.454208	1.28846999999996	0.525064062513289	1	0.279787705548933	513	489
V134_V512.txt	-220.187868	-222.331202	4.28666799999996	0.11726323494855	1	0.930838129075616	512	488
V134_V514.txt	-225.486536	-226.50474	2.03640799999999	0.361243150604358	1	0.442200378651817	514	490
V134_V515.txt	-324.612144	-324.81885	0.413411999999994	0.813258712905197	1	0.0897712751762922	515	491
V134_V516.txt	-320.489531	-320.148783	-0.681496000000038	1	1	0	516	492
V134_V518.txt	-286.436134	-287.846355	2.82044200000007	0.244089333449513	1	0.612451198564101	518	494
V134_V517.txt	-247.42654	-252.119301	9.38552200000004	0.00916135669917338	1	2.03804020719079	517	493
V134_V520.txt	-399.502917	-401.068811	3.13178799999991	0.208901172019955	1	0.680059123445392	520	496
V134_V519.txt	-260.261644	-262.729818	4.93634800000007	0.0847394520546015	1	1.07191434857709	519	495
V134_V51.txt	-210.293228	-210.470281	0.354106000000002	0.837735383371054	1	0.0768931409044168	51	28
V134_V521.txt	-308.052074	-308.374803	0.645457999999962	0.724170077869546	1	0.140159423850146	521	497
V134_V522.txt	-204.65739	-205.791945	2.26911000000001	0.321565186007912	1	0.492730975915746	522	498
V134_V52.txt	-208.127456	-208.917473	1.58003400000001	0.453837079986413	1	0.343100023709764	52	29
V134_V533.txt	-213.638576	-215.042827	2.80850199999998	0.245550905220981	1	0.609858460507118	533	509
V134_V534.txt	-229.135625	-228.986337	-0.298576000000025	1	1	0	534	510
V134_V537.txt	-418.40094	-419.202544	1.603208	0.448608818170228	1	0.348132193871573	537	513
V134_V536.txt	-340.832195	-340.01256	-1.63927000000001	1	1	0	536	512
V134_V540.txt	-363.910056	-366.842199	5.86428599999999	0.0532827308165007	1	1.27341352505125	540	516
V134_V539.txt	-262.369901	-263.116022	1.49224199999992	0.474202420963564	1	0.324036233132118	539	515
V134_V541.txt	-353.10388	-357.968767	9.72977400000002	0.00771269967728645	1	2.11279357918287	541	517
V134_V53.txt	-208.289199	-208.907044	1.23569000000003	0.539104957869154	1	0.268326674171522	53	30
V134_V543.txt	-264.307239	-266.471116	4.32775400000003	0.114878871158158	1	0.939759840617369	543	519
V134_V544.txt	-233.067622	-234.193368	2.25149199999998	0.32441036693239	1	0.488905275824655	544	520
V134_V545.txt	-275.955623	-276.273846	0.636445999999978	0.727440551082922	1	0.138202492914694	545	521
V134_V546.txt	-305.398728	-308.936444	7.07543199999998	0.0290796692551743	1	1.53641053734084	546	522
V134_V548.txt	-237.644396	-237.230316	-0.828160000000025	1	1	0	548	524
V134_V547.txt	-208.96056	-209.619164	1.31720800000005	0.517573362813147	1	0.28602808295942	547	523
V134_V54.txt	-209.160507	-208.907333	-0.506348000000003	1	1	0	54	31
V134_V549.txt	-268.725379	-268.984997	0.519236000000092	0.771346183773938	1	0.112750664802778	549	525
V134_V551.txt	-379.378244	-385.277518	11.798548	0.00274143437782937	1	2.56202214543532	551	527
V134_V552.txt	-284.4305	-283.981839	-0.897322000000031	1	1	0	552	528
V134_V553.txt	-265.806628	-267.056923	2.50058999999999	0.286420290410432	1	0.542996219251224	553	529
V134_V554.txt	-258.542048	-259.186597	1.28909799999997	0.524899218279557	1	0.279924074016252	554	530
V134_V55.txt	-211.879569	-216.044577	8.330016	0.0155295906628832	1	1.8088399914829	55	32
V134_V560.txt	-258.344289	-260.014125	3.33967199999995	0.188277940689201	1	0.725200560483388	560	536
V134_V56.txt	-365.639072	-366.341198	1.40425200000004	0.495530684892657	1	0.304929447400812	56	33
V134_V574.txt	-293.523298	-293.561562	0.0765279999999393	0.962458818220502	1	0.0166178440555328	574	550
V134_V573.txt	-216.08055	-216.449973	0.738846000000024	0.691132999350987	1	0.16043837038815	573	549
V134_V570.txt	-212.7489	-213.116267	0.734734000000003	0.692555430555871	1	0.159545460933353	570	546
V134_V575.txt	-278.544421	-283.516384	9.94392600000003	0.0069295320036606	1	2.15929609512714	575	551
V134_V576.txt	-326.882254	-327.617796	1.47108400000002	0.479245637434123	1	0.319441831808086	576	552
V134_V578.txt	-258.237346	-260.212412	3.95013199999994	0.138752154298567	1	0.857760265194715	578	554
V134_V577.txt	-272.873306	-274.157748	2.56888400000003	0.276804997735165	1	0.557826072924782	577	553
V134_V579.txt	-221.275393	-224.917286	7.28378599999996	0.026202695285863	1	1.58165403358207	579	555
V134_V57.txt	-296.053988	-302.972073	13.83617	0.00098972344732142	0.411724954085711	3.00448614083767	57	34
V134_V580.txt	-399.068363	-400.627635	3.11854400000004	0.210289105958487	1	0.677183225386257	580	556
V134_V582.txt	-271.007295	-270.609808	-0.794974000000025	1	1	0	582	558
V134_V581.txt	-258.468938	-258.92607	0.914264000000003	0.633096765773895	1	0.198529905101398	581	557
V134_V584.txt	-430.575131	-430.370516	-0.40922999999998	1	1	0	584	560
V134_V583.txt	-213.733227	-214.807869	2.14928400000002	0.34141996177104	1	0.466711090621479	583	559
V134_V585.txt	-245.136021	-245.023673	-0.224695999999994	1	1	0	585	561
V134_V586.txt	-209.452736	-210.111303	1.31713400000001	0.517592513381865	1	0.286012014063581	586	562
V134_V587.txt	-277.364095	-277.692183	0.656175999999959	0.720299630548746	1	0.142486807978665	587	563
V134_V58.txt	-273.255935	-272.225226	-2.061418	1	1	0	58	35
V134_V590.txt	-301.300988	-305.011028	7.42007999999998	0.0244765441903038	1	1.61124989964034	590	566
V134_V591.txt	-260.522258	-258.908856	-3.22680400000002	1	1	0	591	567
V134_V593.txt	-322.72537	-328.261177	11.071614	0.0039430253302551	1	2.40417043298138	593	569
V134_V592.txt	-593.952734	-596.528307	5.15114600000015	0.0761101991575076	1	1.11855714163904	592	568
V134_V596.txt	-252.127981	-252.070252	-0.11545799999999	1	1	0	596	572
V134_V598.txt	-567.494657	-567.13803	-0.713254000000006	1	1	0	598	574
V134_V597.txt	-258.400311	-264.58767	12.374718	0.0020552475006778	0.854982960281963	2.68713587125443	597	573
V134_V599.txt	-358.196684	-359.05852	1.72367199999997	0.422385869516017	1	0.374290619105563	599	575
V134_V59.txt	-216.39444	-216.47605	0.163219999999967	0.921631324832097	1	0.0354427726681172	59	36
V134_V600.txt	-227.393498	-227.12388	-0.53923599999996	1	1	0	600	576
V134_V603.txt	-267.262859	-267.531263	0.536808000000065	0.764598820773463	1	0.116566376120774	603	579
V134_V605.txt	-210.662257	-211.27372	1.22292599999997	0.542556527955262	1	0.265555006788002	605	581
V134_V606.txt	-218.860168	-218.155121	-1.41009399999996	1	1	0	606	582
V134_V607.txt	-215.416558	-214.75416	-1.32479599999999	1	1	0	607	583
V134_V610.txt	-210.002351	-210.525522	1.04634199999998	0.592638309179386	1	0.227210278391802	610	586
V134_V61.txt	-238.277601	-237.351877	-1.851448	1	1	0	61	38
V134_V619.txt	-211.707503	-212.154054	0.893101999999999	0.639831127965612	1	0.193934635188379	619	595
V134_V620.txt	-210.015785	-210.495495	0.959420000000023	0.618962865012115	1	0.208335405913814	620	596
V134_V625.txt	-213.830199	-214.045955	0.431511999999998	0.805931925274217	1	0.0937016402375176	625	601
V134_V629.txt	-210.7106	-210.811718	0.202236000000028	0.903826375080905	1	0.043914989421099	629	605
V134_V62.txt	-262.430872	-262.867651	0.873558000000003	0.646114206873073	1	0.189690709511221	62	39
V134_V64.txt	-264.39074	-264.391325	0.00117000000000189	0.999415171079137	1	0.000254062271913851	64	41
V134_V63.txt	-271.589901	-270.21435	-2.75110199999995	1	1	0	63	40
V134_V65.txt	-247.506431	-248.232774	1.45268600000003	0.483674557639546	1	0.31544675686906	65	42
V134_V663.txt	-253.901054	-253.883443	-0.0352219999999761	1	1	0	663	639
V134_V669.txt	-251.991433	-251.473846	-1.03517399999998	1	1	0	669	645
V134_V66.txt	-239.429286	-241.064251	3.26993000000004	0.194959194751583	1	0.71005627760496	66	43
V134_V670.txt	-381.345221	-385.994134	9.29782599999999	0.00957200104273561	1	2.01899726274829	670	646
V134_V671.txt	-212.728783	-212.783428	0.109289999999987	0.946821209828467	1	0.0237320219636004	671	647
V134_V674.txt	-244.606079	-245.963121	2.71408400000001	0.257421103500356	1	0.589355852310956	674	650
V134_V676.txt	-227.944082	-230.650507	5.41284999999999	0.0667751014971501	1	1.17538544318501	676	652
V134_V67.txt	-276.19092	-276.391078	0.400315999999975	0.818601403837865	1	0.0869275149087857	67	44
V134_V678.txt	-214.788884	-215.814904	2.05204000000003	0.358430679593709	1	0.445594824322382	678	654
V134_V682.txt	-324.694801	-328.56852	7.74743799999999	0.0207809412163191	1	1.68233478614378	682	658
V134_V685.txt	-310.134638	-312.028963	3.78864999999996	0.150419834174662	1	0.822694894431369	685	661
V134_V686.txt	-213.13802	-213.21368	0.151319999999998	0.927131377645662	1	0.0328587205007997	686	662
V134_V689.txt	-209.264039	-208.622439	-1.28319999999997	1	1	0	689	665
V134_V68.txt	-280.337174	-280.637386	0.600423999999975	0.740661183865433	1	0.130380415001134	68	45
V134_V691.txt	-355.829143	-359.562705	7.46712400000001	0.0239075253835762	1	1.62146537444367	691	667
V134_V690.txt	-244.166057	-245.475137	2.61815999999999	0.270068405059436	1	0.568526220369907	690	666
V134_V692.txt	-464.599051	-464.560968	-0.0761659999999438	1	1	0	692	668
V134_V693.txt	-263.235779	-263.53713	0.602702000000022	0.739818051032293	1	0.130875076416032	693	669
V134_V694.txt	-313.483429	-313.717513	0.468167999999991	0.791295344294898	1	0.101661389501839	694	670
V134_V695.txt	-238.702412	-239.861502	2.31817999999998	0.313771583145545	1	0.503386391029237	695	671
V134_V697.txt	-297.160145	-298.008401	1.69651199999998	0.428160993967031	1	0.368392900041321	697	673
V134_V698.txt	-271.928935	-272.933652	2.00943399999994	0.366148240095133	1	0.436343048974377	698	674
V134_V69.txt	-237.41125	-237.389191	-0.044117999999969	1	1	0	69	46
V134_V700.txt	-313.524942	-319.365511	11.681138	0.00290718796515405	1	2.5365268878752	700	676
V134_V701.txt	-374.758892	-374.906316	0.294848000000002	0.862928018358697	1	0.0640254297001054	701	677
V134_V70.txt	-221.859051	-222.413918	1.109734	0.574148617884781	1	0.240975676290212	70	47
V134_V717.txt	-212.391743	-212.990206	1.19692600000002	0.549655808158742	1	0.25990917852327	717	693
V134_V71.txt	-228.671086	-228.759674	0.177175999999974	0.915222567606214	1	0.0384732795628397	71	48
V134_V725.txt	-216.807055	-217.40194	1.18977000000001	0.551625999210249	1	0.258355272867018	725	701
V134_V727.txt	-212.707024	-213.324426	1.234804	0.539343834272717	1	0.268134281716031	727	703
V134_V72.txt	-232.136437	-234.967687	5.66250000000002	0.0589391336869484	1	1.22959625188859	72	49
V134_V73.txt	-209.737353	-211.571161	3.66761599999995	0.159803874501838	1	0.796412695270028	73	50
V134_V736.txt	-208.480282	-208.666401	0.372238000000038	0.830174798302633	1	0.0808304546773597	736	712
V134_V749.txt	-236.505582	-235.008089	-2.99498599999998	1	1	0	749	725
V134_V74.txt	-210.451865	-210.568707	0.233683999999982	0.889725758728326	1	0.0507438358545359	74	51
V134_V754.txt	-360.244576	-361.108377	1.72760200000005	0.421556696211974	1	0.375144007762521	754	730
V134_V75.txt	-221.311034	-222.00981	1.39755199999996	0.497193496341169	1	0.303474560886418	75	52
V134_V76.txt	-386.393271	-386.856124	0.925705999999991	0.62948516002575	1	0.201014503832364	76	53
V134_V77.txt	-258.37856	-258.492887	0.228654000000006	0.891966235229758	1	0.0496515852325544	77	54
V134_V785.txt	-213.355433	-213.746986	0.783105999999975	0.676006221215516	1	0.170049307272659	785	761
V134_V79.txt	-234.412436	-234.642092	0.459311999999954	0.794806969078969	1	0.0997383335359633	79	56
V134_V809.txt	-242.306918	-246.685396	8.756956	0.012544436731655	1	1.90154883453479	809	785
V134_V80.txt	-263.967447	-264.731315	1.527736	0.465860987241741	1	0.331743657302474	80	57
V134_V812.txt	-257.841853	-264.115102	12.5464979999999	0.00188609070891923	0.784613734910398	2.72443742430508	812	788
V134_V811.txt	-204.72256	-206.538562	3.63200400000005	0.162674826523645	1	0.78867964772528	811	787
V134_V813.txt	-266.188851	-266.050965	-0.275771999999961	1	1	0	813	789
V134_V814.txt	-248.068474	-251.476598	6.81624799999997	0.0331032438463717	1	1.48012944684203	814	790
V134_V81.txt	-625.053672	-625.436671	0.765998000000081	0.681813581099203	1	0.166334352274481	81	58
V134_V815.txt	-211.341174	-211.708675	0.735002000000009	0.69246263434566	1	0.159603656393929	815	791
V134_V822.txt	-223.062924	-223.137403	0.148957999999993	0.928226966620613	1	0.0323458187176708	822	798
V134_V82.txt	-318.962985	-319.476098	1.02622599999995	0.598629142690528	1	0.222842144492813	82	59
V134_V821.txt	-217.511431	-217.900559	0.778255999999999	0.677647525579172	1	0.168996143154048	821	797
V134_V834.txt	-216.730809	-216.972682	0.483745999999996	0.785155886017734	1	0.105044109221384	834	810
V134_V843.txt	-221.133567	-223.055417	3.84370000000001	0.146335989976934	1	0.834648850045767	843	819
V134_V83.txt	-208.881104	-211.83543	5.90865200000002	0.0521137734248943	1	1.28304747954331	83	60
V134_V84.txt	-205.28344	-205.614148	0.661415999999974	0.718414915571443	1	0.143624659521255	84	61
V134_V852.txt	-212.261946	-212.88298	1.24206800000002	0.537388490520367	1	0.269711639274308	852	828
V134_V857.txt	-355.292692	-356.549836	2.51428800000008	0.284465300347051	1	0.545970702157799	857	833
V134_V856.txt	-292.794733	-292.364698	-0.860070000000064	1	1	0	856	832
V134_V85.txt	-249.926475	-250.520358	1.18776599999995	0.552179005471342	1	0.257920109796139	85	62
V134_V858.txt	-234.253008	-236.148358	3.79070000000002	0.150265732835057	1	0.823140046275332	858	834
V134_V860.txt	-217.901677	-219.44126	3.07916599999999	0.214470516988123	1	0.668632401332051	860	836
V134_V864.txt	-231.79181	-232.673227	1.762834	0.414195580518133	1	0.382794539355718	864	840
V134_V868.txt	-214.337423	-214.719169	0.763491999999985	0.682668428966699	1	0.165790181288636	868	844
V134_V869.txt	-219.129364	-219.804574	1.35041999999999	0.509049508985339	1	0.293239977125892	869	845
V134_V870.txt	-214.940558	-216.01064	2.14016399999997	0.342980391873447	1	0.464730707783989	870	846
V134_V86.txt	-235.773724	-234.856176	-1.83509599999996	1	1	0	86	63
V134_V876.txt	-214.221643	-214.130707	-0.181871999999998	1	1	0	876	852
V134_V877.txt	-214.086543	-214.131451	0.0898159999999848	0.956085437647341	1	0.0195032965933079	877	853
V134_V87.txt	-298.53958	-298.200301	-0.678557999999953	1	1	0	87	64
V134_V885.txt	-289.797661	-290.690679	1.78603599999997	0.409418262003375	1	0.387832789640271	885	861
V134_V881.txt	-227.57104	-227.414778	-0.312523999999996	1	1	0	881	857
V134_V880.txt	-214.230616	-214.134193	-0.192845999999975	1	1	0	880	856
V134_V88.txt	-205.787739	-207.605536	3.63559400000003	0.162383087124481	1	0.789459206320291	88	65
V134_V887.txt	-204.071035	-205.249763	2.35745600000001	0.307669845848105	1	0.511915066064859	887	863
V134_V890.txt	-252.179877	-254.540342	4.72093000000001	0.0943763279989399	1	1.02513692422576	890	866
V134_V895.txt	-219.748155	-220.374143	1.25197600000001	0.53473285138771	1	0.271863134137656	895	871
V134_V896.txt	-437.49767	-438.80416	2.61297999999999	0.270768788834007	1	0.567401397661778	896	872
V134_V898.txt	-562.964052	-562.792708	-0.34268800000018	1	1	0	898	874
V134_V899.txt	-302.213868	-305.000745	5.57375400000001	0.0616133322026164	1	1.21032530284309	899	875
V134_V901.txt	-340.350498	-340.686883	0.672770000000014	0.714348028876022	1	0.146090149295028	901	877
V134_V89.txt	-284.698914	-285.707205	2.01658199999997	0.364841961994469	1	0.437895217452705	89	66
V134_V903.txt	-335.140341	-335.025247	-0.230187999999998	1	1	0	903	879
V134_V905.txt	-305.374415	-310.624766	10.500702	0.00524567684343509	1	2.28019846735523	905	881
V134_V906.txt	-328.656304	-331.536533	5.76045800000009	0.0561219094452115	1	1.25086756131774	906	882
V134_V908.txt	-233.520572	-239.40516	11.769176	0.00278199217001882	1	2.5556440966741	908	884
V134_V909.txt	-217.052263	-218.309836	2.51514599999996	0.284343290906115	1	0.546157014490509	909	885
V134_V90.txt	-254.541702	-255.007372	0.931340000000034	0.627714395622596	1	0.202237911387895	90	67
V134_V910.txt	-217.466295	-218.014223	1.09585599999997	0.578146489719269	1	0.237962106880278	910	886
V134_V911.txt	-345.247567	-345.118997	-0.257140000000049	1	1	0	911	887
V134_V912.txt	-386.336416	-393.401914	14.130996	0.000854069487832931	0.355292906938499	3.06850679329846	912	888
V134_V914.txt	-209.082099	-208.57754	-1.009118	1	1	0	914	890
V134_V915.txt	-228.714683	-230.169105	2.90884399999999	0.233535308306664	1	0.631647448958689	915	891
V134_V918.txt	-204.39844	-205.561477	2.32607400000001	0.312535567588206	1	0.505100551349314	918	894
V134_V91.txt	-233.619352	-233.011233	-1.21623799999998	1	1	0	91	68
V134_V922.txt	-220.323893	-220.788638	0.929489999999987	0.628295300065447	1	0.201836188992124	922	898
V134_V925.txt	-213.340354	-216.838272	6.995836	0.0302603198687102	1	1.51912648555006	925	901
V134_V930.txt	-221.514219	-226.068355	9.108272	0.0105235886859602	1	1.97783613463695	930	906
V134_V931.txt	-221.355059	-223.003521	3.29692399999999	0.192345508638359	1	0.715917950227196	931	907
V134_V933.txt	-207.014358	-207.928321	1.82792600000005	0.400932177258106	1	0.396929087563752	933	909
V134_V938.txt	-273.094059	-273.746191	1.30426399999999	0.520933960781938	1	0.283217329072529	938	914
V134_V93.txt	-212.722365	-213.232856	1.020982	0.60020080785526	1	0.221703424361274	93	70
V134_V941.txt	-238.458101	-239.195196	1.47419000000002	0.478501946584602	1	0.320116291138482	941	917
V134_V945.txt	-208.76208	-207.153638	-3.21688399999999	1	1	0	945	921
V134_V951.txt	-264.147743	-264.932935	1.57038399999999	0.456032135209559	1	0.341004552834576	951	927
V134_V952.txt	-325.240795	-328.584502	6.68741399999999	0.0353058361033986	1	1.45215349920127	952	928
V134_V958.txt	-208.490759	-209.115437	1.24935599999998	0.535433810450981	1	0.271294208366355	958	934
V134_V95.txt	-414.156186	-415.868332	3.42429200000004	0.18047807080047	1	0.743575560012733	95	72
V134_V961.txt	-216.274194	-217.601383	2.65437800000001	0.265221752773873	1	0.576390859142697	961	937
V134_V967.txt	-291.687205	-292.284957	1.19550400000003	0.55004675240255	1	0.259600395146639	967	943
V134_V969.txt	-213.686358	-215.357259	3.34180199999997	0.188077531419244	1	0.72566308410662	969	945
V134_V968.txt	-206.576891	-206.767868	0.381954000000007	0.826151589419232	1	0.0829402572704389	968	944
V134_V972.txt	-209.580782	-210.176784	1.192004	0.551010176969886	1	0.258840379803301	972	948
V134_V976.txt	-261.062669	-264.364011	6.60268399999995	0.0368337033883646	1	1.43375461347544	976	952
V134_V980.txt	-206.977097	-207.891118	1.82804200000004	0.400908923866182	1	0.396954276643701	980	956
V134_V985.txt	-210.934582	-213.787482	5.70580000000001	0.0576768153447133	1	1.23899872742179	985	961
V134_V992.txt	-298.724951	-298.284485	-0.880931999999916	1	1	0	992	968
V134_V993.txt	-269.013784	-270.662	3.29643199999998	0.192392831453952	1	0.715811113784646	993	969
V134_V995.txt	-212.637709	-213.061353	0.847287999999992	0.654656898285275	1	0.183986251491419	995	971
V134_V996.txt	-214.026667	-213.809351	-0.434632000000022	1	1	0	996	972
V134_V9.txt	-223.363922	-227.213072	7.69830000000002	0.0212978319038329	1	1.67166460501791	9	NA
V134_V998.txt	-218.787231	-219.128697	0.682931999999994	0.710727631948551	1	0.148296799557574	998	974
