file	LnL_null	LnL_alt	LRS	pval	pval_bonf	logP	alignment_pos	site
V146_V1024.txt	-93.829479	-92.59884	-2.46127800000002	1	1	0	1024	1000
V146_V1025.txt	-93.971093	-94.438476	0.934765999999996	0.626640041310088	1	0.202981857835387	1025	1001
V146_V1013.txt	-68.211436	-66.846295	-2.73028200000002	1	1	0	1013	989
V146_V1006.txt	-56.663941	-55.644224	-2.039434	1	1	0	1006	982
V146_V1014.txt	-93.126378	-92.904915	-0.442926	1	1	0	1014	990
V146_V1002.txt	-80.588889	-78.021487	-5.134804	1	1	0	1002	978
V146_V1009.txt	-75.345421	-74.440046	-1.81075000000001	1	1	0	1009	985
V146_V1021.txt	-154.98244	-154.423924	-1.11703199999999	1	1	0	1021	997
V146_V1017.txt	-314.720522	-315.847178	2.25331199999994	0.324115287779866	1	0.489300483803176	1017	993
V146_V1003.txt	-162.067932	-162.148448	0.161031999999977	0.922640141223409	1	0.0349676545049173	1003	979
V146_V1028.txt	-66.913882	-66.372247	-1.08327	1	1	0	1028	1004
V146_V102.txt	-73.244659	-74.21982	1.950322	0.377131630482572	1	0.423507041267257	102	79
V146_V1033.txt	-77.245317	-75.3498	-3.791034	1	1	0	1033	1009
V146_V1026.txt	-137.815002	-139.367293	3.10458199999999	0.211762270304533	1	0.674151415608079	1026	1002
V146_V1035.txt	-76.773145	-75.657535	-2.23122000000001	1	1	0	1035	1011
V146_V1034.txt	-86.306341	-86.018476	-0.575729999999993	1	1	0	1034	1010
V146_V1029.txt	-142.493489	-143.871283	2.75558799999999	0.252134147943651	1	0.598368331399406	1029	1005
V146_V1036.txt	-262.205859	-262.326468	0.241218000000003	0.886380466608782	1	0.05237982316787	1036	1012
V146_V1037.txt	-105.079496	-102.594505	-4.96998200000002	1	1	0	1037	1013
V146_V1038.txt	-191.9144	-192.432774	1.03674799999999	0.595488024726643	1	0.225126967762114	1038	1014
V146_V1039.txt	-86.998287	-87.309584	0.622593999999992	0.732496292160982	1	0.135194569333035	1039	1015
V146_V1040.txt	-57.982403	-57.357392	-1.250022	1	1	0	1040	1016
V146_V106.txt	-191.607273	-188.824232	-5.56608199999999	1	1	0	106	83
V146_V110.txt	-77.817304	-76.371842	-2.89092399999998	1	1	0	110	87
V146_V117.txt	-53.124982	-52.501358	-1.247248	1	1	0	117	94
V146_V124.txt	-64.176471	-66.246973	4.14100399999998	0.126122452339625	1	0.899207593369643	124	101
V146_V10.txt	-142.289155	-143.628941	2.67957200000001	0.261901709549571	1	0.581861666731232	10	NA
V146_V11.txt	-57.941817	-60.164248	4.444862	0.108345400748442	1	0.965189519710726	11	NA
V146_V118.txt	-81.423702	-78.128406	-6.59059200000002	1	1	0	118	95
V146_V125.txt	-220.729427	-223.074919	4.69098400000001	0.0958000569057261	1	1.01863423294823	125	102
V146_V127.txt	-49.10932	-48.341248	-1.53614399999999	1	1	0	127	104
V146_V129.txt	-69.112807	-69.587457	0.949299999999994	0.622102754329689	1	0.206137875835377	129	106
V146_V131.txt	-137.825804	-137.692532	-0.26654400000001	1	1	0	131	108
V146_V132.txt	-170.348535	-170.857064	1.01705800000002	0.601379557815851	1	0.220851338587783	132	109
V146_V130.txt	-66.274334	-61.906844	-8.73497999999999	1	1	0	130	107
V146_V134.txt	-239.072286	-240.603335	3.06209799999999	0.216308640497378	1	0.66492613222349	134	111
V146_V12.txt	-86.136786	-85.369753	-1.534066	1	1	0	12	NA
V146_V135.txt	-116.403372	-118.512441	4.21813799999998	0.121350891538612	1	0.915957028653205	135	112
V146_V136.txt	-173.435469	-173.817014	0.763089999999977	0.682805659112092	1	0.165702888097771	136	113
V146_V137.txt	-215.044446	-216.771915	3.45493800000003	0.177733685129387	1	0.750230254358934	137	114
V146_V139.txt	-176.734773	-179.679143	5.88874000000004	0.0526352095550283	1	1.27872364368149	139	115
V146_V141.txt	-133.824111	-132.914426	-1.81936999999999	1	1	0	141	117
V146_V140.txt	-248.427691	-248.766363	0.677344000000005	0.712716181662538	1	0.147083380775139	140	116
V146_V142.txt	-209.196942	-208.611851	-1.17018200000001	1	1	0	142	118
V146_V144.txt	-155.704857	-155.800579	0.19144399999999	0.908716604173298	1	0.0415715363967409	144	120
V146_V145.txt	-49.25743	-50.38746	2.26006	0.323023565569924	1	0.490765793385131	145	121
V146_V143.txt	-196.629694	-195.871675	-1.51603799999998	1	1	0	143	119
V146_V14.txt	-91.679685	-91.953414	0.547457999999978	0.760538153175582	1	0.11887899423689	14	1
V146_V151.txt	-287.424399	-288.296333	1.74386800000002	0.418142079960499	1	0.378676124783834	151	127
V146_V153.txt	-54.337197	-51.877276	-4.919842	1	1	0	153	129
V146_V154.txt	-199.685302	-199.580371	-0.209861999999987	1	1	0	154	130
V146_V155.txt	-67.397401	-68.781293	2.76778400000001	0.25060131227539	1	0.601016659150056	155	131
V146_V159.txt	-77.087029	-76.071595	-2.030868	1	1	0	159	135
V146_V166.txt	-58.717323	-58.714043	-0.00656000000000745	1	1	0	166	142
V146_V169.txt	-55.179366	-54.493902	-1.37092800000001	1	1	0	169	145
V146_V16.txt	-88.536819	-87.80534	-1.46295799999999	1	1	0	16	3
V146_V173.txt	-82.448623	-82.183423	-0.530399999999986	1	1	0	173	149
V146_V15.txt	-90.062187	-90.031884	-0.0606059999999786	1	1	0	15	2
V146_V176.txt	-62.366	-62.027403	-0.677194	1	1	0	176	152
V146_V17.txt	-86.183015	-86.453773	0.541516000000001	0.762801071929933	1	0.117588705331161	17	4
V146_V180.txt	-61.827051	-61.071194	-1.511714	1	1	0	180	156
V146_V181.txt	-80.493162	-80.313676	-0.358971999999994	1	1	0	181	157
V146_V18.txt	-86.698687	-86.88386	0.370345999999984	0.830960515247369	1	0.0804196120974673	18	5
V146_V188.txt	-73.638711	-74.002786	0.728149999999999	0.694839079857638	1	0.158115763498926	188	164
V146_V194.txt	-59.84258	-58.973537	-1.738086	1	1	0	194	170
V146_V192.txt	-63.263759	-61.540229	-3.44706000000001	1	1	0	192	168
V146_V189.txt	-272.909954	-273.494366	1.16882399999997	0.557433536385811	1	0.253806906758037	189	165
V146_V191.txt	-106.541305	-106.385556	-0.311498	1	1	0	191	167
V146_V195.txt	-501.576798	-503.033936	2.91427599999997	0.232901886984837	1	0.632826992771535	195	171
V146_V196.txt	-65.259282	-64.028649	-2.46126599999999	1	1	0	196	172
V146_V197.txt	-89.89421	-87.728448	-4.331524	1	1	0	197	173
V146_V19.txt	-95.035488	-95.325817	0.580658	0.74801742935679	1	0.126088282636489	19	6
V146_V207.txt	-56.421982	-56.562191	0.280417999999997	0.869176558513504	1	0.0608919950131725	207	183
V146_V204.txt	-75.101799	-73.883376	-2.436846	1	1	0	204	180
V146_V203.txt	-75.319115	-78.193496	5.748762	0.0564510719045929	1	1.24832780718755	203	179
V146_V208.txt	-88.196181	-88.445018	0.497674000000018	0.779707055277248	1	0.108068535993363	208	184
V146_V201.txt	-170.596189	-171.029151	0.865924000000007	0.648585137571929	1	0.188033007473797	201	177
V146_V1.txt	-75.303207	-76.334384	2.062354	0.356587010565615	1	0.447834480965549	1	NA
V146_V20.txt	-81.775241	-81.786438	0.0223940000000198	0.9888654530914	1	0.00486279531387499	20	7
V146_V210.txt	-155.823884	-155.739024	-0.169719999999984	1	1	0	210	186
V146_V216.txt	-116.74718	-117.032624	0.570887999999997	0.751680434104038	1	0.123966754092391	216	192
V146_V211.txt	-54.453358	-54.43471	-0.0372959999999978	1	1	0	211	187
V146_V222.txt	-86.420852	-85.571712	-1.69827999999998	1	1	0	222	198
V146_V223.txt	-91.267472	-90.355897	-1.82315	1	1	0	223	199
V146_V220.txt	-103.61762	-101.867233	-3.50077400000001	1	1	0	220	196
V146_V21.txt	-91.823423	-92.350952	1.055058	0.590061211003622	1	0.229102933743941	21	8
V146_V224.txt	-63.269345	-57.679876	-11.178938	1	1	0	224	200
V146_V226.txt	-90.985641	-88.981124	-4.00903400000001	1	1	0	226	202
V146_V227.txt	-55.108858	-52.514612	-5.188492	1	1	0	227	203
V146_V225.txt	-89.044303	-85.974793	-6.13901999999999	1	1	0	225	201
V146_V229.txt	-55.941907	-56.075212	0.26661	0.875198115971609	1	0.0578936259101129	229	205
V146_V22.txt	-94.241798	-93.688629	-1.10633799999999	1	1	0	22	9
V146_V247.txt	-77.795112	-76.850353	-1.88951800000001	1	1	0	247	223
V146_V248.txt	-59.393167	-62.346426	5.90651800000001	0.0521694084971717	1	1.28258408733112	248	224
V146_V23.txt	-87.571605	-87.13943	-0.864350000000002	1	1	0	23	10
V146_V246.txt	-62.835535	-62.814194	-0.0426819999999992	1	1	0	246	222
V146_V249.txt	-57.299137	-57.935313	1.272352	0.529312650483735	1	0.276287726319283	249	225
V146_V24.txt	-93.746879	-94.785987	2.078216	0.35377010419249	1	0.451278870501524	24	11
V146_V250.txt	-98.740613	-98.961181	0.441136	0.802063096716641	1	0.0957914652844365	250	226
V146_V251.txt	-119.183027	-120.785773	3.20549200000002	0.201342870661927	1	0.696063743692514	251	227
V146_V259.txt	-79.262379	-77.557652	-3.40945399999998	1	1	0	259	235
V146_V254.txt	-55.164761	-55.054695	-0.220131999999992	1	1	0	254	230
V146_V268.txt	-57.380562	-57.357367	-0.0463899999999882	1	1	0	268	244
V146_V272.txt	-85.098569	-85.739006	1.28087400000001	0.527062047594659	1	0.278138255106675	272	248
V146_V25.txt	-83.179061	-83.032415	-0.293292000000008	1	1	0	25	12
V146_V260.txt	-111.140456	-111.164539	0.048166000000009	0.976204681406718	1	0.010459114007678	260	236
V146_V26.txt	-150.331304	-150.586256	0.509904000000006	0.774953694845699	1	0.110724246750199	26	13
V146_V274.txt	-174.794545	-174.974072	0.359054000000015	0.835665387673082	1	0.0779675854526482	274	250
V146_V275.txt	-60.542356	-60.24795	-0.58881199999999	1	1	0	275	251
V146_V276.txt	-173.600777	-174.133921	1.06628799999999	0.586757301709713	1	0.231541497259824	276	252
V146_V278.txt	-55.883971	-54.135077	-3.497788	1	1	0	278	254
V146_V277.txt	-136.132931	-136.576713	0.887563999999998	0.64160527553267	1	0.192732073767988	277	253
V146_V281.txt	-79.265598	-79.660147	0.789097999999996	0.673983937470468	1	0.171350453540445	281	257
V146_V283.txt	-55.8153	-53.219414	-5.191772	1	1	0	283	259
V146_V27.txt	-113.232546	-112.139206	-2.18668	1	1	0	27	14
V146_V289.txt	-97.881829	-97.333072	-1.09751399999999	1	1	0	289	265
V146_V291.txt	-54.340667	-52.639742	-3.40185000000001	1	1	0	291	267
V146_V28.txt	-57.58531	-58.781441	2.392262	0.302361789540541	1	0.519473092933419	28	15
V146_V295.txt	-83.970808	-83.023437	-1.89474200000001	1	1	0	295	271
V146_V296.txt	-88.105956	-88.628078	1.04424399999999	0.593260312949652	1	0.226754703480288	296	272
V146_V298.txt	-106.023992	-106.51613	0.984275999999994	0.611317998127431	1	0.213732817734901	298	274
V146_V302.txt	-53.896096	-50.344462	-7.103268	1	1	0	302	278
V146_V303.txt	-174.32883	-175.480905	2.30414999999999	0.315980429270951	1	0.500339815238687	303	279
V146_V306.txt	-64.080351	-63.380068	-1.40056599999998	1	1	0	306	282
V146_V310.txt	-130.564517	-130.435169	-0.258695999999986	1	1	0	310	286
V146_V2.txt	-92.042767	-92.364614	0.643694000000011	0.724809077635682	1	0.139776376117118	2	NA
V146_V314.txt	-51.92309	-53.595527	3.34487399999999	0.187788866082715	1	0.726330160430827	314	290
V146_V317.txt	-47.685702	-51.333482	7.29555999999999	0.0260488931794051	1	1.58421072519704	317	293
V146_V311.txt	-196.399438	-198.570826	4.34277600000001	0.114019248311796	1	0.943021826470941	311	287
V146_V318.txt	-53.67171	-55.814531	4.28564200000001	0.117323406420739	1	0.93061533600641	318	294
V146_V31.txt	-105.675609	-106.694234	2.03725	0.361091099247009	1	0.4423832166287	31	NA
V146_V321.txt	-148.048636	-147.905814	-0.285643999999991	1	1	0	321	297
V146_V324.txt	-65.345975	-64.337981	-2.01598799999999	1	1	0	324	300
V146_V322.txt	-227.134188	-228.308615	2.34885400000002	0.308995983670176	1	0.510047165498194	322	298
V146_V328.txt	-62.581652	-61.825627	-1.51205	1	1	0	328	304
V146_V325.txt	-349.361881	-349.689051	0.654340000000047	0.720961169209345	1	0.142088125644297	325	301
V146_V331.txt	-122.741585	-120.593416	-4.29633799999999	1	1	0	331	307
V146_V333.txt	-246.741497	-246.887377	0.291759999999954	0.864261408331229	1	0.0633548790200364	333	309
V146_V32.txt	-151.277144	-152.730109	2.90593000000001	0.233875817251393	1	0.631014681898561	32	NA
V146_V336.txt	-55.428302	-54.859366	-1.137872	1	1	0	336	312
V146_V337.txt	-54.490321	-54.178381	-0.62388	1	1	0	337	313
V146_V338.txt	-53.762465	-52.530826	-2.463278	1	1	0	338	314
V146_V33.txt	-113.130525	-112.964435	-0.332180000000022	1	1	0	33	NA
V146_V357.txt	-57.807024	-59.796792	3.97953600000001	0.136727142463258	1	0.864145262667672	357	333
V146_V354.txt	-53.949552	-53.906155	-0.0867939999999976	1	1	0	354	330
V146_V34.txt	-109.898639	-111.675904	3.55453	0.169100003902423	1	0.771856382379783	34	NA
V146_V35.txt	-103.245532	-102.732552	-1.02596	1	1	0	35	NA
V146_V36.txt	-135.985535	-133.811666	-4.34773799999999	1	1	0	36	NA
V146_V37.txt	-89.925343	-91.005231	2.15977599999999	0.339633562473835	1	0.468989399473537	37	NA
V146_V38.txt	-61.66487	-61.609013	-0.111714000000006	1	1	0	38	NA
V146_V39.txt	-221.694684	-222.482413	1.57545800000003	0.454876648037763	1	0.342106357935172	39	NA
V146_V40.txt	-57.773546	-58.296639	1.04618599999999	0.592684536770352	1	0.227176403422216	40	NA
V146_V415.txt	-54.362481	-53.320816	-2.08333	1	1	0	415	391
V146_V424.txt	-60.314656	-56.487526	-7.65425999999999	1	1	0	424	400
V146_V422.txt	-52.504867	-51.547509	-1.914716	1	1	0	422	398
V146_V41.txt	-81.220042	-81.739127	1.03816999999998	0.59506478322125	1	0.225435751138745	41	NA
V146_V426.txt	-142.214386	-142.845174	1.26157599999999	0.532172283979123	1	0.273947747650786	426	402
V146_V427.txt	-99.598129	-99.234195	-0.727868000000001	1	1	0	427	403
V146_V430.txt	-58.707348	-60.578126	3.74155599999999	0.154003800238439	1	0.812468562265999	430	406
V146_V42.txt	-82.408488	-82.559701	0.302425999999997	0.859664570603223	1	0.0656709714920358	42	NA
V146_V431.txt	-135.451611	-138.225514	5.54780599999998	0.0624179115952854	1	1.20469076623487	431	407
V146_V434.txt	-61.084533	-60.592073	-0.984920000000002	1	1	0	434	410
V146_V437.txt	-104.444735	-103.886366	-1.116738	1	1	0	437	413
V146_V433.txt	-154.159477	-155.86117	3.40338599999995	0.182374502507067	1	0.739035879793381	433	409
V146_V440.txt	-103.858015	-103.334077	-1.047876	1	1	0	440	416
V146_V436.txt	-306.461638	-307.797752	2.67222800000002	0.262865180477072	1	0.580266937393685	436	412
V146_V439.txt	-172.417128	-174.221065	3.60787400000004	0.164649385882947	1	0.783439884801115	439	415
V146_V43.txt	-107.644846	-107.23729	-0.815111999999999	1	1	0	43	NA
V146_V443.txt	-84.22541	-84.28596	0.121100000000013	0.941246705506546	1	0.0262965308792446	443	419
V146_V441.txt	-225.056377	-225.973589	1.83442400000001	0.399631662444536	1	0.398340110335448	441	417
V146_V449.txt	-54.570006	-52.742625	-3.65476200000001	1	1	0	449	425
V146_V451.txt	-80.808184	-80.289721	-1.03692599999999	1	1	0	451	427
V146_V444.txt	-56.822005	-55.338016	-2.96797799999999	1	1	0	444	420
V146_V44.txt	-267.947203	-267.555125	-0.784156000000053	1	1	0	44	NA
V146_V454.txt	-87.0339	-87.63736	1.20692	0.54691602912432	1	0.262079348049336	454	430
V146_V452.txt	-122.315349	-120.425447	-3.77980399999998	1	1	0	452	428
V146_V453.txt	-148.658794	-148.374618	-0.568352000000004	1	1	0	453	429
V146_V455.txt	-203.332464	-203.800005	0.935082000000023	0.626541040004862	1	0.203050476363533	455	431
V146_V456.txt	-100.169851	-100.932267	1.524832	0.46653790872128	1	0.331113061714751	456	432
V146_V457.txt	-268.594535	-269.896391	2.60371199999997	0.272026443135917	1	0.565388877032634	457	433
V146_V458.txt	-62.716436	-57.469641	-10.49359	1	1	0	458	434
V146_V460.txt	-55.717905	-54.883785	-1.66824	1	1	0	460	436
V146_V459.txt	-106.057543	-104.69462	-2.72584599999999	1	1	0	459	435
V146_V45.txt	-161.350022	-163.038832	3.37762000000004	0.184739232927426	1	0.733440863983039	45	NA
V146_V462.txt	-94.396507	-94.790317	0.787620000000004	0.67448219568399	1	0.17102950991832	462	438
V146_V464.txt	-61.487978	-61.394481	-0.186993999999999	1	1	0	464	440
V146_V463.txt	-74.823137	-72.765596	-4.115082	1	1	0	463	439
V146_V465.txt	-68.695667	-67.037125	-3.31708399999999	1	1	0	465	441
V146_V466.txt	-54.012959	-54.026161	0.0264039999999994	0.986884764162148	1	0.00573355575008658	466	442
V146_V468.txt	-55.775822	-54.157168	-3.237308	1	1	0	468	444
V146_V469.txt	-54.421456	-54.025557	-0.791798	1	1	0	469	445
V146_V470.txt	-54.948231	-54.025264	-1.845934	1	1	0	470	446
V146_V46.txt	-184.225628	-184.448794	0.446331999999984	0.79998204125295	1	0.0969197623484176	46	NA
V146_V476.txt	-59.168462	-58.365278	-1.60636799999999	1	1	0	476	452
V146_V479.txt	-119.30478	-119.389464	0.16936800000002	0.918802580147631	1	0.0367777939054993	479	455
V146_V478.txt	-86.706809	-85.590086	-2.23344600000001	1	1	0	478	454
V146_V47.txt	-98.414498	-98.858898	0.888800000000003	0.64120888596938	1	0.193000467757806	47	NA
V146_V480.txt	-54.125847	-53.366441	-1.518812	1	1	0	480	456
V146_V481.txt	-79.878369	-77.077352	-5.602034	1	1	0	481	457
V146_V483.txt	-72.220472	-70.392805	-3.65533400000001	1	1	0	483	459
V146_V485.txt	-215.525358	-216.910688	2.77065999999996	0.250241206566401	1	0.601641174615024	485	461
V146_V487.txt	-106.652507	-108.329738	3.35446200000001	0.186890760737278	1	0.728412168177076	487	463
V146_V489.txt	-271.46736	-272.843066	2.75141200000007	0.252661154047451	1	0.597461524521211	489	465
V146_V490.txt	-164.345138	-167.841981	6.99368600000003	0.0302928672036267	1	1.51865961898202	490	466
V146_V48.txt	-225.705065	-225.910793	0.411456000000044	0.814054468987695	1	0.0893465351730017	48	25
V146_V486.txt	-211.430814	-212.660673	2.45971800000001	0.292333793839982	1	0.534120977219053	486	462
V146_V491.txt	-308.342349	-308.130573	-0.423551999999972	1	1	0	491	467
V146_V492.txt	-162.693824	-163.509644	1.63164	0.442276511887588	1	0.354306124226312	492	468
V146_V494.txt	-109.322371	-106.947028	-4.750686	1	1	0	494	470
V146_V495.txt	-95.323495	-96.536383	2.42577600000001	0.297337328054383	1	0.526750565566674	495	471
V146_V49.txt	-121.882066	-118.975661	-5.81280999999998	1	1	0	49	26
V146_V505.txt	-58.407471	-57.656214	-1.50251400000001	1	1	0	505	481
V146_V509.txt	-137.522038	-138.237702	1.43132800000001	0.488867396051655	1	0.31080892609681	509	485
V146_V50.txt	-74.579869	-72.907486	-3.34476599999999	1	1	0	50	27
V146_V510.txt	-55.365377	-53.897215	-2.936324	1	1	0	510	486
V146_V512.txt	-66.70872	-65.039843	-3.33775399999999	1	1	0	512	488
V146_V511.txt	-91.457533	-92.1094	1.30373399999999	0.521072026574454	1	0.283102241034825	511	487
V146_V513.txt	-151.803263	-152.286797	0.96706800000004	0.616600470792819	1	0.209996148012616	513	489
V146_V514.txt	-73.670649	-69.312687	-8.715924	1	1	0	514	490
V146_V515.txt	-165.977129	-167.582227	3.210196	0.200869868698491	1	0.697085204313945	515	491
V146_V516.txt	-163.05192	-162.905493	-0.292853999999977	1	1	0	516	492
V146_V517.txt	-95.165041	-94.868288	-0.593505999999991	1	1	0	517	493
V146_V519.txt	-103.714567	-105.464095	3.499056	0.173855984111827	1	0.759810356335232	519	495
V146_V518.txt	-134.803524	-130.64096	-8.32512800000001	1	1	0	518	494
V146_V51.txt	-54.682531	-54.764189	0.163316000000009	0.921587087590188	1	0.0354636188032577	51	28
V146_V522.txt	-50.860341	-48.550339	-4.62000399999999	1	1	0	522	498
V146_V521.txt	-152.112078	-151.274337	-1.67548199999999	1	1	0	521	497
V146_V520.txt	-242.561368	-243.819749	2.51676200000003	0.284113634320808	1	0.546507924431902	520	496
V146_V52.txt	-53.54473	-52.694381	-1.700698	1	1	0	52	29
V146_V533.txt	-58.516521	-58.076358	-0.880325999999997	1	1	0	533	509
V146_V534.txt	-73.504584	-71.783253	-3.44266199999998	1	1	0	534	510
V146_V536.txt	-183.723629	-182.782506	-1.88224599999995	1	1	0	536	512
V146_V537.txt	-261.799482	-261.94387	0.288775999999984	0.865551848781639	1	0.0627069116530433	537	513
V146_V539.txt	-108.018693	-105.899947	-4.237492	1	1	0	539	515
V146_V53.txt	-52.474648	-51.654116	-1.641064	1	1	0	53	30
V146_V541.txt	-200.239915	-200.734833	0.989836000000025	0.609620894160133	1	0.214940156394599	541	517
V146_V543.txt	-109.423771	-109.205668	-0.436205999999999	1	1	0	543	519
V146_V540.txt	-208.875012	-209.586054	1.42208399999998	0.491132171019319	1	0.308801617001448	540	516
V146_V544.txt	-80.335061	-76.832524	-7.00507399999998	1	1	0	544	520
V146_V545.txt	-118.305549	-119.022058	1.433018	0.488454477584614	1	0.311175904934018	545	521
V146_V546.txt	-151.878066	-151.71326	-0.329611999999997	1	1	0	546	522
V146_V547.txt	-54.180524	-53.416212	-1.52862399999999	1	1	0	547	523
V146_V548.txt	-80.804508	-81.14923	0.689444000000009	0.708417266095648	1	0.149710862390655	548	524
V146_V549.txt	-113.930822	-111.741909	-4.377826	1	1	0	549	525
V146_V551.txt	-223.840379	-228.020535	8.36031199999996	0.0152961211856879	1	1.81541868429476	551	527
V146_V54.txt	-53.132746	-51.649899	-2.965694	1	1	0	54	31
V146_V553.txt	-112.39526	-109.817326	-5.155868	1	1	0	553	529
V146_V552.txt	-126.68497	-126.72551	0.0810799999999858	0.960270752913076	1	0.0176062982963548	552	528
V146_V554.txt	-103.977334	-101.941529	-4.07160999999999	1	1	0	554	530
V146_V55.txt	-59.425931	-58.909363	-1.033136	1	1	0	55	32
V146_V560.txt	-103.965068	-102.777657	-2.37482199999999	1	1	0	560	536
V146_V56.txt	-210.092288	-209.077763	-2.02904999999998	1	1	0	56	33
V146_V573.txt	-59.749714	-59.312341	-0.874745999999988	1	1	0	573	549
V146_V570.txt	-56.920724	-55.928882	-1.983684	1	1	0	570	546
V146_V574.txt	-138.171451	-136.301105	-3.74069199999997	1	1	0	574	550
V146_V576.txt	-169.005612	-170.340968	2.67071199999998	0.263064507819397	1	0.579937742176394	576	552
V146_V577.txt	-116.345292	-116.995175	1.29976600000001	0.522106859690177	1	0.282240600782732	577	553
V146_V575.txt	-126.178693	-126.234583	0.11178000000001	0.945643150916061	1	0.024272718593575	575	551
V146_V578.txt	-103.177677	-102.96049	-0.43437400000002	1	1	0	578	554
V146_V579.txt	-66.977523	-67.755533	1.55601999999999	0.459319147536931	1	0.337885449865547	579	555
V146_V57.txt	-145.885508	-145.788541	-0.193933999999956	1	1	0	57	34
V146_V580.txt	-242.601556	-243.375683	1.54825400000004	0.461106151008722	1	0.336199084392328	580	556
V146_V581.txt	-101.745105	-101.658335	-0.173540000000003	1	1	0	581	557
V146_V582.txt	-114.672383	-114.342523	-0.659719999999993	1	1	0	582	558
V146_V585.txt	-85.623624	-87.788838	4.33042799999998	0.114725380738632	1	0.940340492339664	585	561
V146_V583.txt	-59.17796	-57.617385	-3.12115	1	1	0	583	559
V146_V584.txt	-272.627793	-273.151843	1.04809999999998	0.592117608986879	1	0.227592023241394	584	560
V146_V586.txt	-53.628586	-52.882618	-1.491936	1	1	0	586	562
V146_V587.txt	-120.746393	-120.396764	-0.699257999999986	1	1	0	587	563
V146_V58.txt	-116.517778	-115.064628	-2.90630000000002	1	1	0	58	35
V146_V590.txt	-146.717678	-147.768494	2.101632	0.349652316380274	1	0.456363590295646	590	566
V146_V591.txt	-103.393064	-101.726473	-3.33318199999999	1	1	0	591	567
V146_V592.txt	-438.989978	-439.273083	0.566209999999955	0.753440672435641	1	0.12295093929921	592	568
V146_V597.txt	-106.228772	-107.439812	2.42207999999999	0.297887315468479	1	0.525947989364113	597	573
V146_V593.txt	-173.140589	-171.031804	-4.21757000000002	1	1	0	593	569
V146_V599.txt	-200.448374	-201.782935	2.66912200000002	0.263273727256816	1	0.579592478063289	599	575
V146_V596.txt	-94.623011	-94.844809	0.443595999999985	0.801077165579636	1	0.0963256474971742	596	572
V146_V598.txt	-409.766244	-409.905997	0.279506000000083	0.869572993404435	1	0.0606939567294431	598	574
V146_V59.txt	-61.696027	-59.438328	-4.515398	1	1	0	59	36
V146_V600.txt	-68.362902	-70.824036	4.922268	0.0853381226449594	1	1.06885691542448	600	576
V146_V603.txt	-110.024075	-110.245979	0.443808000000018	0.800992255900364	1	0.0963716827122632	603	579
V146_V605.txt	-55.233377	-54.011309	-2.444136	1	1	0	605	581
V146_V606.txt	-59.303722	-60.992258	3.377072	0.184789858412626	1	0.733321867294989	606	582
V146_V607.txt	-58.670644	-58.45954	-0.422208000000012	1	1	0	607	583
V146_V61.txt	-79.502496	-80.093442	1.181892	0.553803139083129	1	0.2566445869028	61	38
V146_V610.txt	-56.258223	-54.159242	-4.197962	1	1	0	610	586
V146_V619.txt	-55.482517	-54.936094	-1.09284600000001	1	1	0	619	595
V146_V620.txt	-54.996188	-53.619587	-2.75320199999999	1	1	0	620	596
V146_V625.txt	-58.115591	-56.795427	-2.64032800000001	1	1	0	625	601
V146_V629.txt	-54.994125	-54.338283	-1.311684	1	1	0	629	605
V146_V62.txt	-104.895801	-105.621151	1.45069999999998	0.484155085017651	1	0.31501550244852	62	39
V146_V63.txt	-113.829398	-113.097925	-1.46294599999999	1	1	0	63	40
V146_V64.txt	-109.162002	-107.471846	-3.380312	1	1	0	64	41
V146_V663.txt	-92.696119	-96.971271	8.55030400000001	0.0139099342482361	1	1.85667492289765	663	639
V146_V669.txt	-92.311116	-94.212617	3.80300199999999	0.149344285130038	1	0.825811391633514	669	645
V146_V66.txt	-83.485288	-83.777178	0.583780000000019	0.746850685030423	1	0.126766216322744	66	43
V146_V65.txt	-93.353256	-91.000721	-4.70507000000001	1	1	0	65	42
V146_V670.txt	-228.158046	-228.775528	1.23496399999999	0.539300688491831	1	0.268169025274582	670	646
V146_V671.txt	-57.3441	-55.734077	-3.220046	1	1	0	671	647
V146_V674.txt	-89.409041	-88.820913	-1.176256	1	1	0	674	650
V146_V676.txt	-73.808793	-73.397775	-0.822035999999997	1	1	0	676	652
V146_V678.txt	-59.167534	-58.632732	-1.06960400000001	1	1	0	678	654
V146_V67.txt	-120.062268	-119.21092	-1.702696	1	1	0	67	44
V146_V685.txt	-155.200012	-154.784722	-0.830579999999998	1	1	0	685	661
V146_V682.txt	-170.362318	-171.311878	1.89912000000004	0.386911226946836	1	0.41238866823606	682	658
V146_V686.txt	-58.269873	-56.073147	-4.393452	1	1	0	686	662
V146_V689.txt	-53.936729	-51.408282	-5.056894	1	1	0	689	665
V146_V690.txt	-91.47847	-88.196605	-6.56372999999999	1	1	0	690	666
V146_V68.txt	-121.555144	-123.385919	3.66155000000001	0.160289295421904	1	0.795095480106427	68	45
V146_V691.txt	-201.050362	-202.284933	2.46914199999998	0.290959557247499	1	0.536167372817774	691	667
V146_V693.txt	-107.83717	-106.461192	-2.75195600000001	1	1	0	693	669
V146_V694.txt	-155.085141	-156.503411	2.83654000000001	0.242132544067885	1	0.615946834848928	694	670
V146_V692.txt	-308.085014	-307.333433	-1.50316199999997	1	1	0	692	668
V146_V695.txt	-83.558994	-82.598732	-1.920524	1	1	0	695	671
V146_V698.txt	-115.344536	-115.754897	0.820721999999989	0.663410715634603	1	0.178217517888298	698	674
V146_V69.txt	-80.229238	-80.124144	-0.210187999999988	1	1	0	69	46
V146_V697.txt	-141.238476	-140.832205	-0.812542000000008	1	1	0	697	673
V146_V701.txt	-217.022654	-217.64259	1.23987200000005	0.537978867140401	1	0.269234783933185	701	677
V146_V700.txt	-159.152451	-162.100206	5.89550999999994	0.0524573405837594	1	1.28019373050271	700	676
V146_V70.txt	-68.053275	-65.166093	-5.77436399999999	1	1	0	70	47
V146_V717.txt	-56.0952	-55.910433	-0.369534000000002	1	1	0	717	693
V146_V71.txt	-71.654901	-71.763579	0.217355999999995	0.897019211185961	1	0.0471982557042806	71	48
V146_V725.txt	-60.732323	-60.415071	-0.634504000000007	1	1	0	725	701
V146_V727.txt	-57.011135	-56.067424	-1.887422	1	1	0	727	703
V146_V736.txt	-52.80834	-51.476576	-2.663528	1	1	0	736	712
V146_V72.txt	-81.018136	-77.775592	-6.48508799999999	1	1	0	72	49
V146_V74.txt	-55.606988	-53.439262	-4.335452	1	1	0	74	51
V146_V749.txt	-78.451439	-77.77042	-1.36203799999998	1	1	0	749	725
V146_V73.txt	-54.396151	-54.339076	-0.114150000000009	1	1	0	73	50
V146_V754.txt	-203.855169	-203.874595	0.0388520000000199	0.980761468852093	1	0.0084366046054569	754	730
V146_V75.txt	-66.405925	-64.75703	-3.29778999999999	1	1	0	75	52
V146_V77.txt	-105.540819	-101.38042	-8.320798	1	1	0	77	54
V146_V76.txt	-229.165874	-229.604236	0.876723999999967	0.645092217201845	1	0.190378197676066	76	53
V146_V785.txt	-57.266966	-56.627398	-1.27913599999999	1	1	0	785	761
V146_V79.txt	-78.272515	-77.373352	-1.798326	1	1	0	79	56
V146_V809.txt	-87.66191	-89.49851	3.67319999999998	0.159358324361654	1	0.797625245463508	809	785
V146_V80.txt	-106.769326	-107.518929	1.49920599999999	0.472554119491992	1	0.32554844651812	80	57
V146_V811.txt	-52.460696	-49.33509	-6.251212	1	1	0	811	787
V146_V812.txt	-107.716371	-106.921447	-1.58984799999999	1	1	0	812	788
V146_V813.txt	-112.566521	-108.85714	-7.41876199999999	1	1	0	813	789
V146_V814.txt	-95.178525	-94.275631	-1.80578799999998	1	1	0	814	790
V146_V815.txt	-55.924894	-54.638615	-2.572558	1	1	0	815	791
V146_V81.txt	-467.470964	-468.342648	1.74336800000003	0.418246628548516	1	0.378567551163361	81	58
V146_V821.txt	-58.998654	-61.050827	4.10434599999999	0.128455466360812	1	0.89124740981084	821	797
V146_V822.txt	-68.502003	-65.870087	-5.26383200000001	1	1	0	822	798
V146_V82.txt	-161.568747	-162.21976	1.30202600000001	0.521517212152328	1	0.282731353547284	82	59
V146_V834.txt	-61.731066	-59.867407	-3.727318	1	1	0	834	810
V146_V843.txt	-67.128761	-66.629917	-0.997687999999982	1	1	0	843	819
V146_V83.txt	-55.761316	-54.676484	-2.169664	1	1	0	83	60
V146_V84.txt	-49.670825	-48.359388	-2.622874	1	1	0	84	61
V146_V852.txt	-60.201879	-55.881388	-8.64098199999999	1	1	0	852	828
V146_V856.txt	-134.572888	-135.131558	1.11734000000001	0.571969277333636	1	0.242627298204893	856	832
V146_V858.txt	-77.683038	-78.892595	2.41911400000001	0.298329410089454	1	0.525303930647453	858	834
V146_V857.txt	-197.759838	-199.310222	3.10076800000002	0.212166486251408	1	0.673323216031095	857	833
V146_V864.txt	-72.741299	-75.31735	5.15210200000001	0.0760738271759118	1	1.11876473440136	864	840
V146_V85.txt	-93.215712	-93.192059	-0.0473059999999919	1	1	0	85	62
V146_V860.txt	-64.881479	-62.421956	-4.91904599999999	1	1	0	860	836
V146_V868.txt	-55.246923	-58.294015	6.094184	0.0474968445820349	1	1.32333524145154	868	844
V146_V869.txt	-63.716288	-62.788034	-1.85650799999999	1	1	0	869	845
V146_V86.txt	-82.364206	-77.781144	-9.166124	1	1	0	86	63
V146_V870.txt	-58.865657	-58.729784	-0.271745999999993	1	1	0	870	846
V146_V876.txt	-57.169208	-57.222594	0.106772000000007	0.948014008440801	1	0.0231852452108884	876	852
V146_V877.txt	-59.357639	-56.886658	-4.941962	1	1	0	877	853
V146_V87.txt	-141.848077	-141.026663	-1.64282799999995	1	1	0	87	64
V146_V885.txt	-133.520748	-134.011465	0.981433999999979	0.612187298494408	1	0.213115685276113	885	861
V146_V881.txt	-70.368992	-70.248843	-0.240298000000024	1	1	0	881	857
V146_V880.txt	-58.714151	-57.174027	-3.080248	1	1	0	880	856
V146_V88.txt	-54.904728	-50.417659	-8.974138	1	1	0	88	65
V146_V887.txt	-49.638856	-47.98567	-3.306372	1	1	0	887	863
V146_V890.txt	-98.457131	-97.311293	-2.291676	1	1	0	890	866
V146_V895.txt	-63.864497	-63.226229	-1.27653600000001	1	1	0	895	871
V146_V896.txt	-280.055894	-281.641326	3.17086399999994	0.204859274791512	1	0.688544369032823	896	872
V146_V898.txt	-405.07393	-405.507243	0.866625999999997	0.648357524137139	1	0.188185444836943	898	874
V146_V899.txt	-146.735834	-147.764183	2.05669799999998	0.357596865893899	1	0.446606296170723	899	875
V146_V89.txt	-128.408745	-128.550857	0.284223999999995	0.867524088346707	1	0.0617184574122337	89	66
V146_V901.txt	-183.536843	-183.429212	-0.215261999999996	1	1	0	901	877
V146_V903.txt	-179.106932	-177.89232	-2.42922399999998	1	1	0	903	879
V146_V905.txt	-151.75708	-153.357486	3.20081199999998	0.201814564646007	1	0.695047494604852	905	881
V146_V906.txt	-173.658676	-174.297733	1.27811399999996	0.527789895319774	1	0.277538928721638	906	882
V146_V908.txt	-83.467925	-82.09803	-2.73979	1	1	0	908	884
V146_V909.txt	-63.37284	-61.054966	-4.63574799999999	1	1	0	909	885
V146_V90.txt	-98.206487	-97.737094	-0.938785999999993	1	1	0	90	67
V146_V910.txt	-58.992198	-61.051218	4.11803999999999	0.127578936008712	1	0.894221024128432	910	886
V146_V911.txt	-187.648998	-187.889351	0.480705999999998	0.786350230436287	1	0.104383981608892	911	887
V146_V914.txt	-53.444145	-52.594693	-1.698904	1	1	0	914	890
V146_V915.txt	-72.141491	-73.085535	1.88808799999998	0.389051326242278	1	0.40999309987387	915	891
V146_V912.txt	-234.466726	-236.060581	3.18771000000004	0.203140991827532	1	0.692202431453916	912	888
V146_V918.txt	-49.562252	-48.384336	-2.35583200000001	1	1	0	918	894
V146_V91.txt	-77.167148	-76.079029	-2.17623799999998	1	1	0	91	68
V146_V922.txt	-64.302046	-63.543029	-1.51803400000001	1	1	0	922	898
V146_V925.txt	-60.720612	-59.850034	-1.741156	1	1	0	925	901
V146_V930.txt	-68.789699	-68.813786	0.0481739999999888	0.976200776595812	1	0.0104608511856012	930	906
V146_V931.txt	-64.377556	-65.840329	2.925546	0.231593175608959	1	0.635274242177065	931	907
V146_V933.txt	-52.802934	-50.831482	-3.942904	1	1	0	933	909
V146_V93.txt	-56.754249	-56.00885	-1.490798	1	1	0	93	70
V146_V938.txt	-117.760611	-116.542143	-2.436936	1	1	0	938	914
V146_V941.txt	-83.908391	-82.48751	-2.84176199999999	1	1	0	941	917
V146_V951.txt	-110.986975	-107.720323	-6.53330400000002	1	1	0	951	927
V146_V945.txt	-46.072258	-50.059143	7.97377	0.0185574305760133	1	1.73148215548285	945	921
V146_V952.txt	-169.698329	-171.384273	3.37188800000001	0.185269455014314	1	0.732196175997899	952	928
V146_V958.txt	-52.262223	-51.875673	-0.773099999999999	1	1	0	958	934
V146_V961.txt	-60.688897	-61.397295	1.41679600000001	0.492432442681138	1	0.307653342391301	961	937
V146_V95.txt	-257.973091	-258.610882	1.27558199999999	0.528458500464998	1	0.276989111907554	95	72
V146_V967.txt	-137.827504	-135.334222	-4.98656399999999	1	1	0	967	943
V146_V969.txt	-60.696252	-58.125826	-5.140852	1	1	0	969	945
V146_V968.txt	-52.47429	-50.46467	-4.01924000000001	1	1	0	968	944
V146_V972.txt	-53.521109	-54.300356	1.558494	0.458751321024531	1	0.338422672139662	972	948
V146_V985.txt	-58.470959	-56.556018	-3.829882	1	1	0	985	961
V146_V976.txt	-113.454226	-107.230367	-12.447718	1	1	0	976	952
V146_V980.txt	-51.874157	-51.044897	-1.65852	1	1	0	980	956
V146_V992.txt	-139.484965	-141.041705	3.11348000000004	0.210822232628315	1	0.676083591758077	992	968
V146_V993.txt	-112.145973	-113.40863	2.52531400000001	0.282901358114107	1	0.548364967636516	993	969
V146_V995.txt	-55.997436	-55.824295	-0.346282000000002	1	1	0	995	971
V146_V996.txt	-58.092694	-57.308275	-1.568838	1	1	0	996	972
V146_V9.txt	-68.147297	-69.957001	3.61940800000002	0.163702585597264	1	0.785944461078247	9	NA
V146_V998.txt	-62.52334	-62.13964	-0.767399999999995	1	1	0	998	974
